1.32487735281421427126
1.69460909946807496776
2.27475273381526019433
1.47197146711476714004
2.25339743498567069794
.85305333948118390799
1.26767503722365693667
2.05586964567309082102
3.90562414986388571209
5.25176160921266493847
2.56848204198510992820
4.39266433955520894635
3.14256264854020054267
1.50389494313931383735
4.86125498199796139843
3.16553313045369973742
3.78428328749315489191
4.35737306183438922677
2.39812426700536100471
1.23020323524204731299
2.25632444475523067449
2.48280083776367370549
3.75287889492853206298
4.29698731671388576371
2.23624685578314452775
1.34733069437313718463
3.38911492870926405826
1.83502043585350841727
4.81138233774868488158
3.34190065681192863312
3.33210143903213126654
4.33676146450320691372
2.99041803097827779266
2.22092323145128093821
2.14329186066667084704
2.88754220748372784716
2.73769976440076423512
3.72695586236274067308
2.98119103715276857800
4.93355855341760386002
4.38759615279255162216
1.94414505631652907279
3.63835127495957982025
2.79957139576757356181
3.10332080197971153934
2.09365708749069029582
4.21826978748396319307
1.93860774784379730643
2.42361300541154878495
2.40403826924614492502
3.10467389591886123424
1.88377281008087596826
2.99192245888826470435
2.71985293720083329067
2.62969579989777524837
1.78005617888874507285
2.12529997882651850366
3.31122333888851417657
4.92370795234648335453
5.29975471130504303078
2.66868881662887027582
2.01226240833545364921
2.02953196574973905977
2.18272765135735612689
5.09526250550450050117
4.51785347261285135185
2.73472119237043979872
2.43289950470626714705
3.85157110800255121033
3.14525038748904695210
1.35539662091950044819
2.18252147755755200953
2.46215352892544050631
1.91217154042204069197
4.26837205501113738139
4.40827630712957919052
6.00915135439273155274
3.49757058542068597377
.80975304877474836216
1.23462544927601423552
3.07897710287036723848
4.22953898196954794303
2.36347202225877850563
4.81740594096034219601
4.80241605861049902432
2.93370073456717803644
3.27039752935327420265
1.67334993351659711953
1.18600168633944193055
1.30311166060318867825
1.59452187191019741119
1.84399023858587711342
1.24727703418286348242
2.95103371719131667396
3.28549844011528941708
3.20576044020759604856
2.05324133993059861146
.87869221004854709022
4.19421029515688447674
3.60817128196542243916
4.22744603750302175279
5.04969305997899242612
5.07957675402193327267
3.99330690030205416967
6.05035536146431650238
5.31071558266868590172
3.70156723564492341641
4.28467034904670349949
1.25467127168832553930
2.09172177882241308368
2.74082104486958433015
1.51489273547667393915
.88509886453435245608
2.86792607993999733772
2.06787330366248502424
4.40710789520746814220
4.11035278291292169713
6.90421610322272574793
2.66272416896681207857
3.29839354838078714066
3.38577908316535029066
2.36862829502646953413
1.07182088055794098715
2.27708146538502218778
3.70579276268924676629
4.36451600982285319878
2.53761699237690320128
1.65133279504768511092
3.33498125931765919421
3.21144827141898706311
3.62994490316313203404
3.19809318188197887286
.94942087611343368859
7.25630071041711997212
5.72096145765727039127
7.21287737314312033632
3.21889732672541141429
2.87977429671146276796
2.13703065022474584067
1.34126805672840803697
1.68380521438793507496
1.97405673677328737511
2.62986691678495396825
7.35305378737297147482
4.67710380470649806594
3.39512886353375400124
4.21883870277117847528
4.22526922219164633433
2.10689344770920961730
1.42193530091913816302
4.20362938423453310982
2.67016853400679560925
1.44893064016190919945
.73198360637380397550
.86220647179199484364
.68978257443922139138
1.44402216049477578645
1.94766526898232695266
1.21987704298425093364
2.93928562749522524180
4.86145040085775224604
6.03925492093188594853
7.45375744172024959246
2.57982557549924293326
3.44310906013736370000
3.92857480519335408517
2.76754403759000734712
3.34840260422787271490
5.64466119443851120498
6.06278813748262194707
5.17706480546651067320
2.33420221917467981829
3.19626344346019137709
3.01585808684692589266
7.03005689877400636675
6.72220202017166395721
3.33318166321609299711
4.14016907867299545146
3.13012779291836581718
3.09764426621263275102
4.10275517183270393595
4.88578550491116013749
6.55605064043895255816
.71175838597096978636
1.13017697729160984709
2.61153211735946299466
3.15374380696974179567
1.23020323524204731299
5.13124741169240444957
5.60822610100555771093
3.83643063276269860408
2.15798517140410397213
7.86115131517006228908
2.31540493218788838270
2.54513260951173229825
4.19767792952246397090
3.29971210865432925574
2.89271498768890123092
4.68035255082349539024
2.46805591508782474747
