3.03087446127351173733
2.35433642455788378349
1.78698069379610254366
2.56228413724941910471
1.61443488564884523805
1.11950882086743738171
1.38690302472811703072
1.39334130779217193206
1.79446370818693349243
1.95941317745900647497
2.39862460589396939505
2.89006920332368511953
1.05726061120236575282
1.42958035800720205614
2.53373242470470823787
1.26862129889104415902
2.87954857573196705397
3.62483103054473423271
2.83003533546844605471
4.06593162756089640568
3.27932919969923117201
1.25550786536763679487
5.62528221514263229058
6.50418326925064435487
1.63012269476870973351
2.36086848426590675262
8.38669183885994466196
4.84846367419618809708
11.10791609619014002029
5.14526967223293360394
3.33040538073070017672
2.84703354388387914546
3.83420135099866658006
4.91230088655000855292
2.39735270663288091819
4.98363321282776587926
2.71913589215397618383
2.37421565996014776517
3.39375897788867735026
3.40625894494238356047
3.25788274804358175507
3.41918118853037678559
2.20417785126336844787
3.66799672846091835224
2.66013157569320243577
2.24595191399994136205
1.79772077920905169694
4.09474052902012339461
3.88939583997309278759
3.65102725270573678855
2.61068956408072386502
2.56783955885098086086
3.62118765048153780428
2.00820815654154736330
2.03216633177503459986
1.56467248969233174793
1.48522725533838760078
2.22961880149948502357
3.29934842052184600735
5.25932505175331409654
3.08058436014987260403
1.39588681489582098566
9.43110279871871611866
4.22548222100152730011
5.22008620618472162028
9.96952355932819890941
5.94822662648288813498
3.76256561404582019815
.52962250707461441871
2.10454270567265990084
4.86400041118419314633
4.11373309780787795824
4.22021326475333471387
3.37118673466777867837
3.94046951517201817826
1.58578056489540821967
1.81209823133294846224
1.85997311808531254374
1.30053835006892434198
1.60458717432241742320
1.53130663160583223538
2.86510034728279630635
2.44973467951123229389
2.31902996962091889219
2.75851409276806124494
.90255193756370608103
.36565010597564442658
3.41099692172244564750
3.39190212122932580355
2.06312869205970765104
3.34625163429171895264
2.43938516843896548275
1.65072711251739001659
2.27008810401711060990
1.17213480453401775096
1.83341211951923127893
3.49053004570939053820
2.77836282727796370868
3.59470443847613151718
3.07249084620280032495
2.92282397691000201634
2.50211910188144321276
1.02810505299799008428
2.30629573125390838286
4.65537323960174003146
2.77915454769971365836
5.60065174778793043998
3.76475762832084583585
2.12795676647811620900
1.55032254708496063980
.59715994507334465056
.40236799077461417768
1.19804006610797453746
1.70123484563419403292
2.22191358967895058868
2.37061173539658324201
1.66048185777502549622
1.86080627685957680402
2.97331464867073898455
4.71989406660785131651
5.69196802520885565102
3.89787121388072543383
1.13176852757089865986
.44158804331639234273
1.62705254985817836675
1.17307288776102911004
1.63820023196189299037
1.76920886274063187556
2.58149181676022362710
1.89029098289125846424
1.15000000000000000000
1.92836718495207753314
2.65188612123522378073
2.77656262310072884118
1.27322425361756284759
1.49579410347814916100
3.57842143968538171958
3.19319589126630312968
1.47057811761225387818
2.10466149297220715792
2.26567870626000278874
2.26212289674986491437
2.42868277055691239982
2.08734280845289042330
7.01388622662215700699
3.50579520223301121454
4.03983910570705773497
3.45511215447487319333
2.59466760876995572054
.99929975482834979028
4.38211136325858336806
1.82356793128196899644
2.36898712533436956203
1.35543350998859401816
2.90187870180681397825
3.15602598214906969735
2.23579963324086803107
2.10249851367367201760
3.23242942691716008947
3.04529144746442947087
2.45334465577097422221
1.99964996936963945234
1.60024998047180116189
1.20341181646184611494
1.38650640099496114803
1.81507575599477389967
1.97608198210499353765
1.85423838812597125024
2.89725732374602860369
5.02169294162835089607
6.09065677903458946828
3.54564521631818092426
4.40753899585698504118
5.07430783457212024118
3.93696583678344864552
3.67594885709798742841
3.72212305008848411123
3.22499612402867858082
2.82938155786737254261
4.12662089366105933789
1.68514094366020315980
2.21605505346776075981
4.87087261176064837557
5.89746555733901679562
3.64747858115712586291
6.89192280862169842686
6.25818663831624631741
7.19756208726260311375
2.99158820695629832201
5.15636499871760435872
7.22103178223167772812
7.49107468925520725914
6.34320108462596351892
3.71764710536113150321
3.41234523458573868842
2.09642552932366285854
3.68742457549981624027
3.47259269134748943133
6.61834571475380092205
2.58969110127057431644
