8.05347130124643829043
3.67932058945670022460
4.02266081095585288721
3.42708330800405259130
2.80451421818467520494
2.18789853512451532058
2.48171311798926509200
1.01049492824061220025
1.35915414872633192429
2.80046424722759137030
4.25936615002748971228
3.68796691959133494611
5.42566125002289467481
5.82292881632602477755
3.52617356351045204758
3.78684565304687325858
2.26929504472203878295
1.17328598389310012246
3.03173217814502869388
2.70623354498461569860
2.47977821588947748381
5.87293793599081038339
7.12260486058295950448
4.63525619572424497072
1.90102603874854907259
3.65717103783785316140
4.57822017819152074908
1.21762063057423595872
4.47554465959172392660
4.95408922002823844985
1.35617108065317481905
3.39604181364128672001
4.84873179295369976437
5.26955406082905652924
4.19110963827003695338
8.19019535786540320055
2.95347253246073036845
5.05962449199542870581
3.52502482260763661703
1.38740765458462135443
1.04852277037744869377
1.67871975028591356595
1.85905890170268677261
2.14266189586691441680
2.26843558427388455565
1.84116810747959676904
2.46101605033368280956
4.80599625468018857464
5.44164497188120496737
3.01961918128760070969
2.91520153677237210666
1.31240237732183341241
2.50451592129097873698
1.58458196379991653620
1.42133739836817070926
1.57537297171177848032
1.60742029351380281744
2.00910427803038635608
2.86515270099169408998
6.57867007836690348190
3.54967604155646857249
6.24851982472649277582
5.66570383977136595264
4.77508115114287874444
3.73034850918784798733
3.37749907475931072237
3.90285792721180154413
8.24032766338814951859
1.04556204980861848417
4.25344566204859375067
3.43193822788231431769
1.75556258789027513269
2.40586782679348368229
3.83846323416025439986
4.06964371904961724746
1.97934332544912480627
4.04635638568824038771
1.65078769077068175235
1.83806963959475702994
2.67822702547786265893
2.99709859697674944542
3.27939018721469007203
1.79741481022050110401
2.74970907552053586336
3.12291530464724579280
1.23895116933638671956
3.91486909104250892063
4.34544589196551842187
4.65386935785696502613
3.18637725324544708092
4.02216359687171352132
4.80104155366312154563
2.87349960849136013937
.65092242241299385123
.67096944788865014311
1.51383618664636234147
1.71207476472261572786
1.49114050310492203463
1.90641023916679591463
2.20370143168261339676
2.18890383525635954329
1.97512024950381185645
1.79334882273360304564
3.71560223920699025084
3.33157620354090054843
2.39311512468581419059
3.45544497858090630023
3.41985379804458892309
1.90215667072930667153
2.35433642455788378349
1.89182451617479574304
2.86752506527841879996
2.94039113044506376602
2.46767096672145494527
2.63417918904542255135
1.92678488679976935301
1.54744951452381799504
1.49033553269054146912
1.74226863600307056666
1.25761679378099909341
1.38643427539858520334
1.00900941521870845226
3.92197654251016651844
3.23592336126800135315
3.64987671024652557372
2.39087849963146391585
1.29433380547677885333
1.96033160460162963725
3.09350933407352110417
4.52797968193321291541
2.35938551322160999658
5.68079219827657487603
5.12916172488253678772
3.37028188732040631960
1.79724789609001907436
2.20168117582905268386
3.29247627174441456140
.78816241980952124053
3.63487276255992212413
3.05857810101360661657
1.22441822920111737447
2.01846476313063240950
.90824005637276315847
.91224996574403881969
2.83116583760118156735
3.50988603803599298570
5.91137039949282826193
2.83141307477379570004
4.64827925150802444772
3.98618865584658448939
3.56162884085357776910
2.57392696089069318408
2.51392123981639488434
1.79691402131543288817
.89699498326356318591
.54589376255824722511
.69238717492455043306
2.72187435419050891942
2.59285556867327263011
4.17451793624126137853
4.11294298526006800759
.94773413993587885311
2.43823706804732176764
2.64357712200722451327
4.35592699663343761140
3.48919761549844006538
1.60853971042060382202
1.19356608530906239050
.85076436220612814289
3.73183600925871339392
10.90633302260663595586
9.49407183457129736499
3.90467668315828679444
3.62162946751873002814
2.49899979991995997758
2.97191857223578721657
3.70675059857012770132
5.47216593315663263248
2.28234528500838365151
2.65054711333339630565
3.62882901222970272923
2.31129833643344276950
4.37407133000823387349
3.56036514981258628766
2.74032844746756588495
2.91497855909781950492
3.33331666662499979166
1.96147903379057304671
2.69892571220476537220
3.17617694721185204939
2.23315919719127950934
3.45713754426982554789
4.10923350516857340587
4.24222818811058300195
6.13313133725342620760
3.80002631569835316055
2.96364640266007442603
4.48446206361476537800
4.79808295051263156045
5.13837522958376405880
