1.33824511955022649355
2.35306183514160970295
1.06221466756960195912
1.58006328987164308462
1.42677959054648661595
1.13326960605144617105
.90956033334793135095
.36932370625238775755
.93706990134141006887
1.29433380547677885333
1.95435411325583470883
2.06111620244953680777
2.17765929382904156814
1.11103555298649196737
.54899908925243218476
.64031242374328486864
.66189122973491649068
.38065732621348561140
1.28179561553314731253
.91219515455849687384
1.39111466098233613577
1.39660302162067514266
1.02985435863523925758
.85404917891184697280
.91896681115261175682
5.29718793323400977483
4.27597941996918408929
2.72516054572937041851
1.91674202750396225562
4.41616349335030846975
4.29200419384697246593
3.63115684045732180488
5.58249944021492939011
5.67815110753491659839
1.71618763542917998730
3.36252881028549701852
13.66291696527502138797
5.81178974155122029566
2.84903492432086553388
1.55708060163884900926
.76406805979572264803
1.40609388022279650344
.99025249305417050285
1.02239913927976289156
1.34551105532433288884
1.11144050672989240301
1.02800778207171175091
1.38632607996820142054
1.84862110774490509169
1.67541039748474761577
1.31704214055587454464
1.10661646472479343822
1.47414381930665096147
1.00359354322355023808
.96597101405787534117
1.11224997190379825156
2.72047789919344869505
2.22908052793074301710
2.92617497767990627727
2.11350419919147546509
4.35864657892791303107
4.10975668379528278856
1.82280004388852262283
4.02256137305573002241
5.61923482335451078272
3.31158572288261926550
2.20429126931991453641
6.24125788603547449985
3.06035945601166269273
2.27960522898154451482
1.79872176836774841985
1.50066651858432558287
1.51538773916116927252
2.11094765449075027507
1.60156173780469668162
1.64560019445793697925
1.76581425976799722977
1.12182886395385637715
.46249324319388710394
.49162994213127418100
1.08050913924871547103
.57758116312774605582
.93225532983190822838
.72117958928411167285
.35383612025908265093
.96005208192055914107
1.74937131564456606646
1.52282631970950646555
1.52502458996568314350
1.62425367476881516827
1.38834433769148206945
1.72040692860729900049
2.66833281282526674249
2.77908258243615351546
3.75587539729421801275
3.74487649996632065169
3.92429611522881896807
3.79801263820962028141
3.42909609080877172201
2.67553732921071389039
1.40996453856116537438
1.78754020933796059881
1.49586095610521234033
.80566742518237635396
1.46673105919251604290
2.48251888210341715418
1.70894704423513369438
1.38018114753100435182
.82085321464924531292
.66490600839517159532
.65566759871142023667
1.11364267159623512695
.89409171789028445289
.89666047085839576448
.40124805295477758866
.93193347402054402222
1.51818971146559941374
2.92041092998913425173
2.37018986581244161727
1.39692519484759812961
1.06484740690861430110
1.44931018074116901581
1.94838394573554213526
2.38516246826081011097
2.46552225704818978014
2.16776382477427646550
3.26122676304485150102
3.17163995434538565468
1.20374415886433276598
1.87192414376224123746
2.62878298838074498066
2.78026977108337456383
3.60548193727274135126
4.12279031724874409722
4.07006142459791385394
3.84533483587580445699
1.98680648277581377535
1.88353391262275922951
1.35033329219122787648
1.16163677627733532427
1.06625512894428789237
1.02747262737262251603
1.03749698794743495872
.84124907132192425380
.77446755903652930219
.70391760881512262393
1.16357208629289487609
1.24298028946560532336
.32449961479175903638
.69856996786291922585
.47169905660283019056
.39962482405376170525
.78600254452514337900
.81926796593056169609
.81277303104864398545
.59236812878479544343
1.04541857645633980765
1.41583897389498358165
1.12946890174099083072
1.32536787346004430001
1.68121979526770978357
1.82499315067207854986
1.07823930553472219449
.76609398901179220778
1.25896783120141715557
1.03498792263484891353
1.45581592242975554014
1.31076313649720863669
1.13762911355151244652
1.89707669850219814458
1.67827292178596506127
5.17722898856135201563
4.13059317774094039380
3.02420237418066980790
3.24562782832536115165
2.79495974926294779369
3.26228447563973182084
3.17268025492642419224
1.86745816552874886616
2.73000000000000000000
2.47995967709154497050
3.78865411459003472857
4.33208956509442449916
9.99332777407005698980
1.70252753281701732366
3.03516062177934827001
3.78464000930075250400
6.51135162619866506007
6.03596719672994909492
8.23044348744343180548
15.86754234278264026337
20.71610725981114435492
4.86021604458073447893
4.86581956097839698756
5.53941332633700479673
3.60111093969624879147
6.07483333104703375449
8.48410867445720546623
10.46444456242183931041
8.61817846183287155999
