4.22159922304332437207
3.27630889874566009304
3.92123704970765571287
2.79760611952433361129
1.44048602908879334955
2.60088446494649200517
2.14462117867002329946
1.97534807059414215026
1.90404831871462757792
2.27398328929655945262
2.35739262745941410989
1.27098387086540165897
3.75827087900805787567
1.83872238252543170590
2.38518343110126437923
1.92917080633105165180
2.11754574921062803468
2.54515225477769797016
2.05866461571573139039
2.00902961650643667159
3.39545284166928167337
3.35305830548769312628
3.11236244675969575611
1.93695637534767416351
4.78653319219662363765
7.35940894365845116269
9.49209144498724264160
3.38133109884258450742
6.80456464441333674952
6.61801329705524239361
4.67124180491654702779
3.26081278211429979667
6.14730835406846985993
7.37896334182519163976
8.77759078563132834772
6.75889044148519986941
4.66519024263748541078
2.29318555725436226636
1.70631181206718486456
1.04771179243148733397
1.59072310601185396875
1.44813673387563786362
1.27157382797854092983
1.09840793879141277808
.86798617500510916835
1.46601500674447394962
1.83733502660783125886
1.09206226928687541759
1.43034960761346734463
2.27517032329450007706
1.47353316895141522294
1.92699247533559403881
3.49748481054600149924
3.25518048654755854844
2.46385876218585224325
2.35520699727221428786
1.83057368057120279356
2.82044322757966535886
3.23803953033313044511
2.73300201243980060117
1.88079770310365915227
4.66889708603648705440
6.78245530763012105231
8.42335443870195931101
5.98432118122013902322
3.83220563122596541074
6.98613627121601457814
5.51320233621077977573
8.39489130364413950105
8.30441448869214379124
5.25346552287154540911
3.48559894422751970169
2.17598253669463073657
2.71538210939086803139
3.03522651543505068925
.56833088953531287009
.47021271782034989956
.84474848327771503611
.93198712437458061698
.55072679252057457895
.57026309717533011694
1.77285081154619437424
2.27035239555448748402
2.43774485949616966882
2.40060409064052042408
1.73057793814667590081
2.97956372645392499918
4.70240364069270429532
3.54725245788906318716
2.90974225662686488057
2.50978086692842568573
1.58382448522555680307
1.28864269679380094642
2.11513592943810587617
1.62791277407605595580
.44249293779675173477
1.50761400895587329375
1.60704698126719369411
2.54489685449135639423
4.21086689412049689405
2.22013513102243395854
2.34275478870495535265
2.13712423597693543165
1.49469060343604221107
3.07249084620280032495
5.50567888638631012559
5.84700778176324988547
3.02157243831750623148
1.90895259239196403884
.56789083458002736108
1.87643278589988402493
2.04249847001166686308
1.90065778087482124194
1.83499318799825521314
1.49445642291771090637
1.34205066968427090010
1.81397353894702664706
2.57623756668518441197
1.77341478509681992557
2.75951082621540008336
3.03626415188138727924
3.02430157226424759202
2.32959223899806122272
2.50792743116701843694
2.71610014542910401869
.95315266353297256051
.80212218520621906558
1.82225135478067349960
2.86698447850699045252
3.29498103181186765386
2.83169560511012553289
1.17098249346435576846
1.41113429552257711401
1.10208892563168422393
1.44630563851490256160
1.04752088284673351422
1.35746086499758806122
1.55711271268331760415
1.48704404776724754556
1.63006134853875975216
1.43296894593009237340
2.18670985729703061582
.96156123049964946057
1.27279220613578554392
3.43356957116060195318
4.03767259693006807815
3.28240765292795404181
3.47028817247213635487
2.73813805349547706109
1.35066650213885144683
1.34584545918169965789
2.28116198460346081579
1.35517526541772448334
2.51861072815947482614
1.36755255840497772073
2.62779375141962007063
2.81300551012613553323
2.63366664557229034289
1.80424499445058735626
1.39696098728633077028
3.62441719452934943169
2.76271605489959825512
2.82340220301677883351
1.51211772028503124740
1.22645831563897841264
3.77102108188220024435
2.13574343028370334256
1.90960728947079587754
3.05308041164984712886
1.38354616836591325945
2.83367252871604766877
3.25236836782059482629
2.33220925304741898496
3.57112027240752562139
2.21074648026407586995
3.14173518934998721193
3.93086504474524029671
4.29589338787637978319
4.86366117240911427370
5.11763617307834809313
2.56470271181671268571
6.71486410882603044208
2.70362719323504363956
1.64736152680581926961
7.14172948241530638277
3.88213858588278633337
4.93402472632636894855
5.18965316760185815020
5.27129016465608730390
1.61582796113942773917
5.66931212758655580444
3.20391947464351856484
6.70764489221067814273
5.29154041844149575612
4.26259310748750683520
8.76485025542364870812
4.21470046385268048030
6.83424465467837930546
5.40834540317091803991
6.15374682612146467560
