5.09923523677815828610
4.88447540683746303167
1.49445642291771090637
4.08102928193366434218
4.08178882354293287366
1.15503246707614240985
2.09317939986041330236
6.15670366348746721941
4.53278060355892363148
3.95229047515488162911
4.14736060645803983843
3.75358495308152043961
2.10309296038002086219
4.24326525213779205712
3.61459541304417637308
3.11719425124582186343
5.11028374946049350974
6.22237093076264620079
3.36267750460849278272
4.31714025716098318194
4.30880493872721047316
6.64248447495362987844
5.66805963271382669739
4.10827214288440244268
3.40013235036520306332
3.16799621211894759424
2.73155633293549338800
2.46953436906636308510
2.71295042343202431031
5.10796436949201907801
1.84745771264188886169
1.98859246704798718545
1.68413182381902634718
3.68658378448123704107
2.21065601123286478624
2.81259666500548919355
1.64660256285480134072
2.46083319223388239797
.95942691227628173094
5.10909972500048192198
1.76785180374374141146
2.60911862512994989351
3.18309597718950347078
5.89261402095877988620
6.23225480865472957918
1.34305621624710854841
6.87835009286384026520
4.89147217103399250239
1.82617085728581267380
5.03938488309833306385
2.04834079195821318779
3.62190557579846357871
2.90306734334565514915
2.66212321277584745829
.61326992425847853573
1.30980914640263525684
3.73198338688692450079
4.25021175943034631287
2.61361818175494027152
5.56726144527091524304
2.38130216478295756829
2.84875411364336602689
2.51660485575308385559
2.06990337938755006033
3.10046770665330426692
1.90139422529889892373
1.42147810394673332794
3.54032484385260895793
1.83559254738081784357
3.28700471554270819241
1.56894869259641502146
1.42705991464969682960
.96026038135497394892
7.28462078628668219847
2.17699333944778067159
1.98655480669424270480
4.57604632843680899725
1.92044265730586186643
4.20064280795213531804
2.89532381608689842241
2.11603402619145044786
3.06558314191606944907
3.22256109329210390378
5.85058971386645775277
4.49209305335497252096
4.22414488387886619847
3.19851528056378058004
4.98895780699736926528
2.65052824923636684487
.65620118866091670620
2.89546196659531343946
2.14490093011309032813
5.01882456358059999483
3.90395952847874692206
2.96462476546358223935
1.47993243089000519409
1.89583754578286585847
3.96783316181514869903
4.84720538042282668862
1.53629424265015066156
1.89562654549887541924
1.36594289778160199634
1.37386316640340860402
4.84286072481957713381
3.48416417523629331056
1.19758089497119149725
2.99774915561659361465
3.35411687333640775744
2.64263126447864458773
.77317527120310825419
3.54876034693806845686
2.76992779689290818164
3.07680028601142716417
1.43547901412734000302
4.40951244470406274416
3.39969116244402412041
3.87262185089120210629
3.39726360472660407889
1.98534631739653925800
4.33899758008690297540
3.21765442519857933857
2.14541371301667595172
1.58574903436830129447
4.50661735673220874351
3.26697107425211219913
3.91486909104250892063
4.20120220889211663282
4.74310025194492383923
3.56342531842607864692
4.61754263651132949665
2.84612016612088956260
2.68851259993327909268
2.97860705699828758060
4.57945411594002107652
6.93465211816713989660
5.81008605788244757905
5.05345426416426569008
3.74017379275348647534
2.51733986581073315349
2.03924005453011833488
2.78783069787245150781
3.48122105014892727078
3.76344257296428000111
4.01769834606830581053
2.63941281348712104034
2.91017181623353640779
3.58474545818807056899
5.52330516991411583546
2.02635140091742231854
1.86440338982742680487
5.28161906994436697419
2.85536337442364767753
4.35801560345990500676
3.08689164046942211417
1.01715288919611293605
1.69549402829971654253
1.71096464019569966097
3.04279476797236523708
2.96048982433650664963
2.18764713790867104729
1.76734263797374616500
4.67558552483001854885
4.14711948224306650491
.93322023124233649460
3.92461463076312755061
3.59161523551730134376
3.70938000210277728293
5.89377637851997231678
2.08513788512894273775
4.84545147535294176327
5.05209857386017360357
1.93571692145313437614
.86614086614129921216
2.35722294236247412271
2.95194850903602314172
3.41124610663024429050
2.69974072829225584507
2.72007352841793598452
2.09196080269205809036
3.92840934730585325746
2.29680212469424540107
5.07157766380442999915
2.28131541002115707007
3.91374500957842167901
3.24186674618189697115
2.31788696877134196463
3.89071972776246117514
3.12598784386631932404
3.40039703564157342946
1.68860889491912839443
6.35163758411954735482
4.13909410378647950836
1.61180023576124345968
1.99674735507524837186
2.50587310133613908825
2.22625245648376545480
4.08571903096627534114
3.79716999882807459221
3.52712347388066356590
1.91379204721934195835
