5.26972485050215880813
3.06897376984554887544
2.63823804839517845962
1.75365332948105795223
2.36968352317350596883
1.38036227128967850531
1.69826381931665729048
1.66279884532074414115
2.38681796540917631831
3.04251540669887159077
3.33827799920857400123
3.22387965035917555108
2.70929880227338527497
2.38004201643584435271
2.78958778316797193418
1.48734663074886480881
2.17002304135232628639
4.97116686503279630153
2.19731654524331109174
4.84797896035038501898
5.56828519384558822185
3.02796961675641653060
4.64618122763200015062
7.11497716089096100480
3.15521790055774119430
2.52835915170293795031
1.02425582741813092405
3.50436870206318330541
4.84674117320081370156
3.92383740743675565464
7.67561072488697800818
3.00128305895995088162
2.76177479168740331957
7.29595778496559010894
3.23498068000413257491
1.66835248074260374505
4.00417282344306412680
6.89459933571197449608
5.01845593783585988754
2.49176644170355581101
3.61276902112493208861
3.57072821704480891453
5.50401671509089805016
4.98651180686459419918
4.95185823706616221624
2.32409122024072024159
3.45508321173311251409
1.79638525934722588393
2.71598969070208364809
.73437047870948625163
2.54992156742124129201
2.73307519106225835281
3.45281044947445674287
2.76584525959063733012
2.55792884967506475011
1.12044633963434411319
2.69646064313944697337
2.60276775759959036726
1.92348641794009036875
1.70393661853955119465
6.53970182806525208934
3.12888158932229328939
7.13696714298167411704
2.80073204716195583435
6.40335068538339542970
3.89540755249049646856
7.31919394469090428132
3.19104998393945562464
1.69546453811337499174
3.27553049138608996707
5.37443950566010185508
4.40364621648924018102
4.66135173528022877519
5.64195887967999993646
5.79897404719145126128
.70035705179572512104
1.80482686150223285067
1.27455874717488012695
1.89380569225039557646
3.40885611312651329396
3.54210389458016886102
2.48042335096249245095
3.33857754140891566622
2.66512663864214902713
4.46032510025894861340
3.51461235415799447735
2.42627286181913183430
2.48897569293072848200
2.54530941144686769101
2.83742841319389060635
2.83864404249634652919
1.97739727925371638000
1.99674735507524837186
4.17143860077072211963
3.09110012778622232711
2.20265748585657320758
1.84743064822471752778
1.40117807576339132498
2.32036635038521449422
1.71210396880563301847
2.10696464137393629873
1.70531522012793869276
1.38495487291102737937
2.24719825560630052746
1.72409396495666673973
.86787095814988532199
1.46931957041346182431
.41000000000000000000
1.60140563256159430806
2.18403296678415548132
3.13818418834841496306
2.36245634880308423445
2.93370073456717803644
1.39053946366149565672
2.36484671807709346936
.98737024463977037553
2.97304557650904504259
5.85656042400315374736
2.66234858724397696028
2.61858740545355865728
2.77258002589645733024
2.57505339750460320430
3.22023291083114048718
5.32744779420690334745
7.52124324829346281926
5.07780464374123002751
2.09973807890412846129
2.10796110021034306561
2.02301754811964001411
2.44985713869196870767
3.30216595585382413408
2.96624341550048788304
2.22631983326744856989
3.24236025142179412327
5.39542398704680112556
3.99380770693832979888
2.91204395571220730843
2.32854031530484779794
3.89001285344920165085
1.85660981361189621392
2.63463469953616150272
2.82870995331794312969
2.79327764463184003050
1.41442567849993447437
1.82129075108835931298
.84551759295711878167
4.37988584326121449655
3.37541108607529462205
3.18253043976016040870
1.71793480667922902411
4.76160687163482659555
3.89917940084833747317
2.40653277559230429027
2.17637312977347705536
2.72413288956320924927
3.98645205665388631172
2.97205316237781991664
1.34164078649987381784
2.22856456042897711695
2.29863002677681907984
2.32641354879135794634
4.09821912542509127361
2.68331884054057206256
4.69383638402533157576
3.57096625579128092662
1.96603662224283095880
2.35461249465809129346
3.95540137027836910769
7.14490027922013758317
3.46079470642221134335
1.85717527444234514286
2.08944968831508359915
2.80757902827329154417
3.68088304622681539498
4.66155553436832928609
2.42458243827674376727
2.45214192085205378310
1.09114618635634702932
3.42673313813608777200
4.82785666730071844621
4.61100856646352371532
5.93084311038489703868
2.84978946590796422643
5.28714478712281909076
2.77353564967173263121
4.61434719109864987194
2.91132272343689166623
4.93020283558394785847
6.12564282341045412017
6.46456495055931818735
4.63496494053622804746
4.20348664801019678461
2.30922064775109786389
2.64794259756513604072
1.47407598175942070398
3.59712385107880320812
2.90676796459572947454
3.36420867367052604476
1.46331814722568106337
5.27386954711623484237
