3.93198423191141497741
5.03561317021075398648
4.52728395398388944481
2.35834687864190156754
1.82411622436729617505
2.82026594490661465349
4.04001237621866698162
5.65128304015999538398
3.01292216958885282121
2.54184972018410246534
2.38268755819977370359
4.17600287356222972223
2.72371070416812071535
2.32957077591559771867
2.82202055272458992061
5.45919407971542993759
1.92286244957875236989
2.36503699759644352164
1.89789356919717708389
2.88253360778326399030
3.59912489363734083797
3.98167050369565361904
4.10517965502120260130
3.48734856302033565450
6.42956452646678086046
3.18943568676341238432
1.53652204670157596798
6.48186701498881416228
3.09241006336481837545
2.16510969698997006732
3.47295263428685419208
2.49238841274790073599
1.43725432683293738623
5.41502539236890374898
4.07119147179299342764
3.23890413566070213815
2.13478336137416997622
3.26170200968758027345
5.48497037366657068072
4.60015217139607241493
2.51177228267213745842
1.57203689524132988778
2.62693738029668305224
2.66694581872223268457
3.73569270684835639091
1.74143618889696902956
2.50545405066626596076
5.72476200378670763829
4.76287728164394342712
.57662812973353979446
1.69109432025537830436
3.49697011711567246558
1.86991978437578974132
3.43380255693305697672
1.44173506581479802751
1.16056020955398949090
2.17251006902154540969
1.33547744271477681892
1.81584690984675247209
3.13427822632260903118
3.97260619744771580851
2.92402120375348851538
2.17299332718717753544
1.39208476753393146234
5.37058656014405934833
4.85768463365006847785
2.71110678506030079243
.76583287994183169570
2.79699839113289444880
3.82597699940812503572
1.74180940403937422305
1.83755272033212696065
1.68202259200047607446
4.75061048708479150555
2.80285568661677620808
3.75779190482921765527
3.13076667926563955884
2.71282140952920083666
3.97961053370804113414
3.11220179294338174828
2.97255782113653762312
1.66535281547184469279
1.36634549071601945254
2.01779582713415283740
5.03394477522350258847
2.74468577436470858391
2.66073298171763188297
3.65904359088546525066
1.59480406320024153617
3.43490902354050710598
2.77225539948973676807
2.24296678530913604788
4.45467170507547054188
3.61758206541330586578
3.52127817702606392647
3.60408102017698819655
2.16861707085414228969
3.34852206204468660359
3.07442677583968488309
5.09695006842327228227
4.41526896122988185961
2.62994296516103177640
2.55158774099579025234
2.32460749375028901888
2.58721858373041221474
2.76593564639526636980
4.35051721063139801940
5.52678930302214433892
1.60555286428071249602
2.49096366894421003315
7.11638250798817024915
2.84263961838288604402
2.06315292695427694027
4.36616536562691358628
4.03229463209225325080
4.42098405335282791720
4.20120220889211663282
3.30667506719363038173
2.96109776940917639805
3.40426203456784448509
3.61121863087794782716
4.01578136855083284799
3.49862830263519133956
3.97996231137934269760
2.82357928877515320253
3.31381954849687009929
2.69107785097347193041
3.53387888870006409561
2.58003875939878081514
2.46107700001442457915
4.41337739152227950504
2.23058288346342333354
3.31706195299394430831
2.07243817760627059917
4.06529211742526566496
5.07004930942490933087
5.21709689386731631938
2.95211788382510226613
1.51809090636891702579
3.46125699710379783870
1.48711129375040387392
4.71975634964348556889
4.92279392215436944345
3.68536294006438394368
3.05176997822575087996
2.36917707231857197035
3.05553595953312256220
3.17458658725825274976
3.13309750885605218502
5.11352129163456207076
3.11592682840916532328
.70178344238090998152
3.51007122434858862793
3.70181036791459645941
4.28806483159944772773
2.88466635852398015239
4.30692465687525116706
2.19608742995355264612
2.70889276273535789444
3.31012084371552815972
3.23601606918136301148
2.24129426894372796903
4.23491440291300338815
1.47827602294023561017
3.07706028540228636190
4.76236285891782924735
4.84757671419442314327
5.71031522772604910069
6.56156993409351692173
2.50315800540037823637
3.63287764726531906359
2.24459350440118666935
2.90373896898464342663
5.64344752788576922372
3.40718358765711361249
3.15499603803237762481
3.86742808595066186267
7.61801155157958525919
2.79944637383894174855
3.26579240001565316889
4.52448892141421869124
3.10916387474188950959
2.10280764693302368635
1.51571765180722230711
2.96927600603244696074
2.66728326204773384207
1.93651749282055286060
3.38645832692504869689
5.59655251025128861874
8.09269423616140337369
3.19979686855275236548
3.71033691192592374263
3.87251856031704514282
3.30519288393279704519
3.94716353854258235242
3.48869603147078435747
4.98214813107759773682
2.17979356820777870649
.53497663500381023649
2.57254737565705483355
