2.21598736458491567816
1.61582796113942773917
1.12156141160437576816
2.03219093591128882389
2.22914781923496495611
1.24715676640909902894
.65604877867426900652
.65337584895678536244
.94915752117338247429
1.22429571591180535340
.91268833672837082004
2.15065106421288155928
3.18563965319368788145
1.57863865403074430103
2.19428803943329190266
.78294316524253534095
2.31915933044713424234
2.36433923115952208318
1.32385799842732377548
2.19770334667807247255
3.02686306264422870736
3.79583982802225204745
5.30783383311874223559
4.15348046823384014814
4.23349737214988713874
6.42045169750540215058
4.13921490140340502712
4.93082143258098528355
4.87111896795797833858
2.14359511102260167475
4.67207662608395154732
4.80334258615810163201
4.64014008409228955683
4.16510504069225125706
3.97427980897168336254
3.23443967326645311787
2.04396673162749887258
1.60408852623538206018
1.59483541470585609766
1.46020546499456712586
1.06587991818966173822
.75808970445455859653
2.11917436753090235182
1.93582023958837665625
1.29158816965780543649
.80156097709406986824
.59439044406854321500
1.04307238483242379433
1.99714796647619477278
2.49078300941691827656
1.89367367833003371447
2.03720396622429537228
1.08240473021878465920
1.39466841937429701018
1.09366356801349106656
1.11400179533068976109
1.57645171191508431816
1.38938835463667248919
1.45261832564510902221
5.11017612220948799658
3.84023436784787915110
6.21955786209920230532
9.72426861002923962319
9.51001577285758238505
4.43840061283341118817
7.86067427133321687035
10.85145612348868136914
5.86535591417946264769
4.86671347009457708016
1.78294699865139008567
4.96916491978279988340
2.04066165740428415587
2.40904545411662998783
4.48912018105998137912
.62833112289620032795
.94615009380118966407
1.10353975913874530413
1.17055542371986812301
1.01602165331256597190
1.07419737478733395012
1.23555655475579101473
1.99964996936963945234
1.94712608734000582697
1.42730515307694450991
1.60358972309004275434
2.19931807613178135311
1.86858235033942242360
1.55460605942470197230
1.42558759815032061045
2.16504041532715966064
2.20188555560910113346
2.02785601066742408884
2.04364869779519591482
1.63480885732858690063
1.69484512566782927276
2.00167429918056349110
2.07908633779359918143
1.58952823189775399471
2.64818805978729539320
3.40912012108696457413
2.78109690589882178596
2.64070066459642487060
4.49504171282091663750
4.19196851133211638775
3.93589888081490223642
2.99135420838121408854
2.42350985143448509151
1.54790180567114786216
1.04508372870311209338
.98203869577527340936
.75133215025047344236
.93498663092046401730
1.46047937335657020911
1.50386169576859693351
1.47522879581439841144
1.22735487940530060859
1.10172591872933623926
1.81507575599477389967
1.77479576289780453149
2.92249893070981293729
3.79411386228721396288
3.44065400759797409769
2.06383138846176094298
1.44623649518327395858
.58660037504249858772
3.09187645290040656242
4.91700111856810543068
4.28053734944574452780
3.10644491340181340740
2.35244553603266232982
2.08480214888607595180
1.55887780149696146733
2.96460789987478782607
2.31534014779686312940
.41833001326703777398
.69526973183074782836
1.54560667700421118490
1.06475349259816940973
1.76448292709224024387
1.87453994355948574436
1.53339492629915793653
1.29031004026164192287
1.20805629007923302149
1.12800709217628592000
1.47773475292421812894
.70491134194308435740
1.37847742092498562622
1.39032370331516681655
1.86627972179949487871
1.97504430330056140743
1.57600761419480458041
1.50711645203680262923
.54644304369257003105
1.35166563912825719208
.84498520697110431721
.79718253869487131410
1.56352166598355777309
2.18038987339420561710
1.97491771980505557466
2.20022726098919154356
2.32058182359510865836
3.25450457059135192728
3.03280398311529523749
1.60461833468273694657
.88005681634767195296
1.34242318215978377076
.63937469452583123013
.93407708461347021742
1.12632144612450667834
1.74588086649690963385
2.61398163727291703406
6.05477497517455226525
2.48714695987189305451
6.11043369982851544563
3.65986338542847798467
3.26620574979593102791
4.22864044345224508945
3.61543911579216059131
2.58598143844846651289
3.88148167585523969068
7.97692923373399370662
9.24892966780481037516
9.48744960460923871357
7.00699650349563111582
8.91305783667984508383
7.61874005331590244301
8.28816023011138461665
6.52223887940329888681
11.26363174113926720045
6.10029507483039708738
4.41049883800007366014
4.45238138528136423615
7.27282613569168171957
3.86958654122116772694
3.31259716838615920471
4.72658439044517642684
2.58758574737147599709
4.43492953720800393958
4.91758070599761483975
5.15258187707871363234
