1.19067207912170343291
1.62218987791195393095
1.48842198317547030241
1.01311401135311518304
2.37358378828302583264
2.17683256131471903339
2.18000000000000000000
2.20993212565454145442
.84929382430346212897
1.62668374307976656560
1.58751377946775630499
1.45358178304490318760
4.72785363563636559410
3.22710396485765546524
3.74850636920894133352
2.93042659010595247499
1.61496129984591271629
2.47576250880410579013
3.19670142490661770593
3.13863027449873426470
2.66589572189161217386
2.27217957036850412748
1.62480768092719207209
4.23275324109497316205
4.76591019638431710137
6.90499094858204720007
5.46701929756974609492
1.95432852918847807521
3.55028167896576904834
8.54072596445992991327
4.61706616803354898594
7.15703849367879255924
4.57919206847670891621
3.85997409317731043240
3.63055092238078930378
9.82676956074578966719
8.77160190615146419048
2.62566182133190945325
4.30758633111398012291
3.65406622819017882124
3.22826578831421499794
2.84132011572085977796
2.88294987816299019333
1.76235637712694193887
1.23263944444431924888
1.98708328964842336827
2.01915824045566077074
1.99567031345360248609
3.11224998995903283784
2.64251773882409349475
2.41342080872772786325
1.91713327653556731016
1.73176210837401105205
2.12936610285784346614
2.53730171639085918149
2.52247893945618503354
3.18843221662308512059
3.42439775727061239412
3.04981966679998966787
6.60434705326726451249
7.97757481945484482461
2.04716877662785781361
6.14745475786524190667
11.27984928977333455578
4.51209485715892280597
3.81557335141129215849
4.69771220915032214151
1.78146007533146810065
5.67750825626876565619
2.17499425286597021849
2.88255095358260753156
1.20652393262628653088
1.10227038425243014418
4.07009827891170215167
3.06819164981589766401
1.76717288344972066006
.92054331782920460239
1.33086438076913005944
1.74404701771483213645
1.39517024050830442016
1.09553639829993781909
1.11736296698968862863
1.38021737418422609856
3.12315545562496776591
2.41047713119207998845
3.81895273602593830268
3.95789085246169970729
4.48001116070038379095
2.86799581589652951153
3.48807970092427790556
3.20157773605452222822
3.42826486724698679603
3.03455103763307958636
1.26542482984964381486
2.20565183109211504582
1.59552499196972781232
1.48650597038827933528
1.61996913550845159304
2.01794449874123148540
2.54432702300628014219
2.00771013844130398165
.71505244562899020966
1.54382641511278721869
2.13508782020787144951
2.79214970945327356743
1.38830832310405745834
1.19440361687329128750
.61878914017619927845
.45738386504117086093
1.21268297588446420805
1.26059509756305176581
2.60342082652805095823
3.30451206685646708654
.76321687612368740126
1.85647515469504735303
1.36480767875917228076
2.13602434443055915279
1.87882942280559359990
1.20220630509076935218
4.29003496489247742354
5.59991071357392268913
4.50555213042752397360
5.49520700247042559032
5.37470929446421315933
4.97005030155631322258
4.41436292119259265599
2.37031643457155314893
1.42716502199290184257
.96545326142698383863
2.24673095852618722043
2.26911877168208187206
2.42971191707988294996
2.35955504279938339394
.44045431091090481004
1.07842477716343294334
3.46636697422531995828
4.03188541503847800012
1.50960259671212807569
1.67053883522652654314
1.69289692539150179649
.90719347440333806669
1.75171344688564858890
.99403219263764289818
1.45557548756496995359
2.95577401030593000239
2.52703383435995965297
2.47705470266605133768
1.43669760214180075035
.95068396431201047160
.86267027304758797976
1.43739347431383589122
2.27802546078835563132
2.42755020545404992453
2.34678503489348167438
1.81080092776649526433
2.73475775892491070193
2.43361870472759146238
1.38488266651005492321
1.73075128195821365972
2.12285185540583589730
1.71417618697728968305
1.70704422906965125887
3.38014792575709621117
3.16823294598108742033
3.22436040169209372456
2.58071695464651837901
1.94938451825185069104
2.81716169220014774784
2.54432702300628014219
2.06555077400677807690
1.92470777002640065717
5.52046193719329976868
1.26763559432511991924
5.84509195821588421996
8.61130071475848531117
3.86939271721028595828
3.62669270823983652269
2.81542181564326165182
4.43847946936785999143
4.14543122003007064727
7.49304344041858601581
6.10453929465606765537
5.36851003538225678522
5.42896859449380126914
5.73360270685020519062
2.54662521781278212488
6.98161156181006678612
5.86687310242858414596
3.14428052183643436442
2.20188555560910113346
5.04109115172499137384
2.21963961038723581344
3.62186416089836257127
2.20744195846685853467
2.57421832795899423492
1.80407871225176868666
3.89996153827188403465
2.39904147525631578022
4.61131217767784617811
9.22395793572368802354
