1.74982856303124735568
3.09459205712158448304
5.46108047917259684839
5.07430783457212024118
2.25909273824692730341
.55569775957799218033
3.26755260095380866999
4.91920725320655706157
3.03595125125552699478
2.91324561271445151042
6.17316774435945487373
5.44652182589953457353
3.03934203405934554912
1.36894119669180823436
1.76343414960695371013
4.40651789965727927712
3.19161401175016776181
2.31121180336203717649
5.53438343449385516100
5.39668416715301211446
4.14749321880096628567
6.83114924445367391652
5.32056387989092750071
4.74304754351039580637
3.29306847787895233741
3.25973925337595062068
5.22781981326824232005
3.34155652353809511315
2.78858386999566502190
4.27112397385044303515
2.53082990341113205363
1.82565056897534474490
5.03843229586346629911
5.00405835297711131717
2.84044010674402356777
3.59322974495091254247
5.31320995256163390394
4.06064034359114350756
4.53178772671448061063
6.19713643548373073899
5.01606419416657784862
3.63012396482544380890
4.86025719484061872007
4.28463534037612120333
5.37922856922811934903
2.88532493837349279581
2.03995097980319125118
3.34938800380009720963
3.18510596370042295018
1.44121476539757945958
1.24619420637395036799
3.91783103259954282577
1.53590364281096748754
2.47080958392183674158
3.86432400297904626929
4.63342206150054929355
2.76611641114397063619
4.12492424172856779510
2.38857698222184164126
6.05962045016022435035
2.37320458452279246392
3.13025558061957618163
6.86455388208148600005
1.19151164492840773914
4.06097278986205471472
5.31256058788979836327
5.48154175392288697651
2.93061427008059182418
4.46441485527498889044
2.19485762636212921171
.71519228183754891525
1.72765737343953705594
1.96277864263905215338
3.08872141832182722344
2.77405839880850381494
2.39278080901698975491
4.65081713250478168056
2.90389393745708281507
3.90196104542318566699
1.60165539364745998410
3.01177688416655459262
1.82742988921599944372
1.98476698884277093369
2.13415088501258504620
5.48717595854188003822
5.13265038747039539679
3.31256698045488583596
5.14295634824951630174
4.04383481363915259520
4.55061534300582254783
4.27685632211324115694
2.14030371676545008984
2.13714763177465117298
.70221079456243051974
1.35694509837354878887
1.49676317431983874955
.86723699183095274605
2.56033200972061433937
3.04220314903525139323
2.87758579368191905174
3.09279808587628300090
1.41184276744969019938
3.62229209203233636742
2.80301623256091758224
3.49515378774668511724
3.42702494884411368214
1.88276392572196899950
3.13794518753913227113
3.04940977895723289752
3.75126645281296966949
2.73280076112401578787
3.66825571627715179929
1.98730973932097459541
3.47197350220303380701
4.63160879176987485776
6.37342137317155580519
4.62439185190874584907
4.20345096319678743079
1.33101465055798690859
2.55538646783612752229
2.38974894078855070009
1.19146968068851840171
3.77254555969838487515
1.99531952328442874883
2.68421310629390974218
3.49962855171802483109
.39812058474788765938
3.88728697165516711225
4.04329073898971554033
2.29917376463807102132
.84029756634182869683
2.29995652132817502094
4.15352862034198579807
2.78643140952724691324
2.96851814884126992766
2.38717406152127918097
.69799713466460591194
1.26641225515232597973
1.01336074524327218977
1.35779232579949427257
.98066304100848013961
3.20440322057009548250
2.93676692980563236251
4.42860023032108871338
4.09627879910535386399
5.15330961615930854793
3.16894304145719854874
1.40071410359145024209
4.07457973292952018040
2.27861800221098929155
4.34481299942816871516
1.39046754726602662986
4.63428527391225668814
2.68843820832839674920
1.43923590839028193001
2.22750982040483942733
3.36431270841460277000
3.08436379177294843304
1.57098695093243852188
2.73168446201240453590
1.69923512204756408159
2.87544779121443969923
3.02091045878556287936
3.05165528852785074847
4.63086385029834363408
3.46228248414250566621
2.79642629082191258102
2.73506855489949282550
1.52640099580680305582
3.44631687457784415497
6.63685166325118343758
4.78140146818900786600
7.71554923514846090052
5.05859664333894089535
.83892788724657377430
3.15908214518078019540
2.78865559006486134417
3.82393776099977861551
3.51847978536185425673
3.24194386132764488991
3.91037082640508661004
2.17784296954578430872
2.16462467878383018309
1.64496200564025186241
1.27345985409827505877
2.48382769128617293463
2.78734640832459143411
2.61604663566993774645
5.30469603276191500197
2.21228388775039447919
5.29045366674730457373
3.19037615337126039019
2.87855866711102485391
2.86925077328559763516
3.76283138075572023100
2.49064248739155656442
2.68884733668536860649
1.98557296516647808633
3.01423290407360525847
4.92549489899238450119
