3.44088651367638104496
3.03795984173589760109
3.14919037214329105410
2.54725342280661191380
.74672618810377877358
.60597029630172467720
.96239285117876888767
1.88801483045022715732
1.77701997737785716768
2.67925362741193279512
2.74415742988626656525
2.94370514827827143235
3.10749094930299032721
2.39482775998609135882
1.59091168830956798649
1.92437002678798757058
1.88708770331428952375
.93578843762893330589
.54138710734556655121
.21260291625469298815
1.40748001762014369281
1.72284648184334752699
2.34940417978686672804
3.93469185578743891551
2.45036731940335835029
3.54764710759117077095
4.05666118871172183082
7.28315865541867761391
6.20730215149866858807
2.60664535370656051968
7.87206453225581732463
5.17201121421831412486
11.49859556641592643157
3.13172476440698728271
4.20685155430994498503
2.51211066635210161475
5.35359692169666430519
1.81609471118661650046
2.43891369260988815335
1.90897878458614620613
1.53182897217672443394
1.77318921720159351977
1.72774419402873410437
1.27647953371763857669
1.58053788312713340037
.91350971532874241238
.98331073420358836231
1.84862110774490509169
1.30430057885442955131
1.44055544842952851885
1.54214136835764833197
1.41460241764249788093
1.61124175715502110369
.85334635406732710783
1.24803846094581556369
.87412813706000792478
1.80249826629597621923
1.99145675323367240828
1.66976046186271879875
1.46734454031764468892
5.82519527569677272531
7.37087511765054936885
6.63525432820777413190
4.33623108240324295565
2.04325720358451202010
7.66822665288396388829
7.46172232128749213481
10.39724963632209804219
1.92426609386539885579
1.08194269718871895530
.47843494855622744316
1.03942291681490263359
1.81821340881646783657
1.73827500701126114994
1.71353435915361790564
.08306623862918074852
.63285069329186959499
.28722813232690143299
2.17425849429178958422
2.98697171061260638782
3.13169283295791958166
2.60480325552622112043
1.07689368091748035848
.39230090491866061970
2.31995689615130565252
2.49931990749483688419
1.97749841972123962554
2.03651663386283196839
2.13855091124808155688
1.26000000000000000000
1.31259285385834704383
1.40975175119593307778
1.16124932723338961683
2.22533143598880569087
2.68888452708553477592
2.47105240737625797526
2.42969133842140532910
3.15228488560282254194
3.40148496983302867570
2.64138221391755418929
1.80460521998580066170
3.01728354650337759733
3.26932714790061962682
2.74264470903542298394
2.73322154242937284807
1.95851984927393574782
1.98680648277581377535
1.57584897753560128392
1.96400101832967489935
2.17967887543096586299
1.56735445895304741688
1.07452315005308284888
1.28351081023885420175
.20273134932713292627
.69749551969887233104
.67483331275211955114
2.01419959289043646653
2.48879488909793448249
3.12208263824005786036
3.98888455586270383102
4.08712612969064119632
3.03517709532738797649
3.76131625897105334063
3.32445484252681645595
2.45798698125112127291
2.62992395327317401883
2.34254135502449561344
2.82313655355174061406
.94514549144562923212
1.52134808640231969760
1.43017481448947352101
2.19426525288079061811
3.81588783902252556760
3.55112658180470947852
1.96267674363355108258
1.97547462651384110355
2.13190056053278432454
2.42109479368322131791
1.75371035236723170801
1.15620067462357069842
.90376988221560027818
1.22413234578618990105
1.17690271475598185910
2.09162616162640306558
2.37052736748597779186
2.15687273616224283711
1.44228984604343658257
1.19138574777441416226
.97724101428460318178
.49335585534176038600
.50169711978443727158
.77620873481300118644
1.26130884401878352959
1.28316016147634508767
.77252831663311863354
1.25283678106926602157
1.45581592242975554014
1.47349923651150902114
1.36970799807842255294
1.06075444849408951229
1.11548195861699170737
.97349884437527710914
1.21404283285228449965
1.03024268985516223365
.59824744044584093815
.96472794092427943941
1.84198262749679590999
1.85429231783988146899
1.84225405414128482519
2.64412556434069522423
4.90192819204851265842
3.28869274940666964094
5.05812218120519504716
4.22930254297325009895
1.92984455332547445050
2.32896972930091987488
5.52554974640532939614
7.25976583644403781399
5.25039046167044608690
2.50113974019845600469
7.93932616788099971055
2.12607619807005035762
6.54642650611766969067
2.94452033445177620495
10.85610427363333683634
10.50701670313700415029
9.85755547790627450750
3.90180727355926691983
6.73715815459307738522
6.42274084795580087088
3.30277156339944285890
6.42228931145273149473
8.74342038335112879410
8.00838310771906066409
4.46599373040312272223
5.05158391002267723392
4.27218913439000263557
1.19645309143317440801
3.35666501158515965486
8.92621420312105214718
