3.61930932637706444489
1.83480244168139257466
1.47502542350971022169
1.17766718558343129203
1.91648115044213257714
1.31893896750380379380
.80018747803249208306
.78701969479803998104
.86052309672663638505
.35482389998420343161
1.63416645419002528244
3.71857499588215915815
2.95820891757157678946
2.01851430512642144118
2.41836721777318177407
1.58952823189775399471
1.33120246394002741869
2.75076353036752324905
3.30697747195229619997
2.62552851822256922138
2.45981706636896069812
1.91324331960156076746
2.02183085345930953819
3.18631448542042064388
5.41045284611186681766
2.05647757099366391314
4.76954924494967343868
7.38914068075578054899
4.39711268902674360377
2.66962544189255133791
3.52822901751005953601
2.88773267460822972902
8.99398688013274789211
4.80481008989949570514
6.29070743239581918485
6.75974111930331249131
7.58388422907417541757
2.91749892887726695734
3.64343244756918746964
1.62656078890399912406
1.36711374801074983557
1.50226495665711379862
.90691785736085271991
.89844309780864809090
1.26431799797361106774
1.00647901120689049369
.52383203414835179398
.54350712966804768494
.86683331731077342110
2.33388088813461086622
2.66597074252513131363
2.20247587955010304126
1.50376194924595694798
2.23644807675027411980
2.36256216849419647181
2.43842162063905593151
2.14277856998804241821
2.70201776456040347773
3.08883473173946294254
6.75753653338256100322
6.79579281614735515032
1.79298633569807218427
4.99728926519167989617
8.07597672111553327996
10.75148826907233341096
2.06528448403603710412
4.85985596494381713893
5.92520885707837306442
6.69310839595475250211
4.23864365098081817977
2.17101358816567520810
2.17464939702932343741
1.57238672088007662619
1.47519490237730959968
3.81019684530865150418
3.14342170254008394634
2.74950904708458815429
.93493315269060814281
.19672315572906001957
.45814844755821229345
.82225300242686861228
1.31643457870112178241
1.40858084610007387392
2.07453609272049060679
3.43116598257793410410
4.29795300113903060348
2.51628694707102115110
2.31406568618956882020
2.31883591485038026612
2.17361450123981276313
1.94203501513232247900
1.35403101884705728479
2.44174118202564622264
2.72068006204331199380
3.36400059453026850977
3.79906567461000863387
1.65644197000679743100
1.69180377112713636367
4.55300999339997056413
4.65740270966554920262
1.39463256809813530182
2.00192407448434467344
2.59549609901459878884
2.39422221190932902095
2.56846257516047914869
2.79858893015748206007
1.32984961555809008700
1.77547176829145892223
.45585085280165924024
.61951594006934155721
.97718984849413985303
.71140705647329644687
.86116200566443942482
1.61932084529286536323
2.03661483840219528142
2.95650131067111147323
1.63658180363830270713
3.51926128612241577620
3.44293479461926493220
3.56085663850708822663
3.73355058891666820816
3.99712396605359238888
3.70336333621209789067
2.23145692317821811005
1.19770614092105247083
1.75786802690076822501
2.61216385397241112654
1.88180764160421030000
1.80521466867516894770
2.58814605461129260435
1.87509999733347554607
1.27831920896151756137
2.55096060338061669564
1.74694018214705909259
2.82943457248970505329
2.79245411779674546544
1.47638070970871195543
1.60788681193671092315
.74229374239582540077
.51078371156488535778
1.59608896995123677222
1.74608132685737178408
2.19813557361687770852
3.87961338279988924980
4.70005319118837207229
4.51347981052314002704
4.20878842423802529636
2.01407547028407056164
2.26037607490435095518
1.78221771958422633117
1.41357702301643259272
1.26988188427113172988
2.68527466006738312571
2.69479127206542659159
1.19117588961496362214
1.36506410105899422557
1.02489023802551656463
.49183330509431749949
1.40349563590343949455
1.70812762989186495975
1.38076065992625963141
.92746967605415542232
2.20395099764037403609
1.56706732465455995162
1.06371988794042955037
1.03121287811974109383
.87183714075508391362
1.22641754716735849547
.98762341001011109082
.20904544960366872333
2.03433035665301912635
2.46540057597137751621
11.71438005188494812819
5.41427742178030622568
7.48225233469174039991
4.62624037421316878982
4.67017130306801487030
6.83009516771179404332
4.68471984221041760259
5.67459249638244948751
3.32445484252681645595
7.48974632414209339888
10.89977063978871070996
4.69599829642217821790
6.09355397120596610540
3.06693658232445360748
4.41209700709311240773
3.95578058036590295408
7.15984636706682415110
3.52002840897626847547
4.19053695843384729358
3.64801315787100746032
4.71540030114093282798
2.93116017986052751303
3.30493570285414176013
3.83381011527696817411
3.36468423481312730449
3.25683895825384648385
1.59304739414745599087
8.47524630910512240317
