4.53017659699928254353
3.25964722017582755473
2.50850553118784252761
1.53469866749143950639
1.31734581640509262293
1.31928010672487592088
2.80814885645330418619
2.28466627759942217780
2.11047388043538695674
.94725920423081664559
2.72957872207415919400
4.00760526998355964583
4.31353683188169844564
1.91449732305897988685
2.64278262443205873291
2.77742686672394670273
2.67177843392748418973
2.64425792993043702434
3.16963720321427322812
3.07943176576458664029
2.21659649011722474124
2.86431492681932585008
3.76927048644694640731
2.95969593032797881029
9.99329275064030134109
11.15675131926852620747
7.33679766655725623193
5.53140126911798001767
2.86445457286374154151
3.13555417749398806333
3.43361325719714683186
8.96782582346468189922
7.44820112510396700820
10.70488673457127242667
4.71093408996559831937
4.25310474829858851902
3.51421399462241058328
1.28487353463288362650
.70270904363043457276
2.07108667129118476203
3.25167649067369554028
2.42196201456587671231
1.68341913972723976511
1.47343136928735163942
1.68460677904370312432
1.61276160668587345931
.96586748573497389471
1.86901043335771670592
1.12964596223772694012
1.11512331156693159680
.63442887702247601900
2.00501870315466134805
1.37091210513292937368
1.83491144200476334595
2.27099097312164585362
1.76116438755727740271
2.43926218353009359320
1.28848748538742121536
2.28431609021168521821
2.42179685357793790325
5.24248986646612412886
1.38094170767632331657
7.49513175334496705070
4.92019308564206654753
9.14879773522182530932
3.76240614500880274117
5.67720001409145351594
2.36027540765902994653
6.95680961360881285401
1.07270685650833797586
3.13638326739574352040
4.28254597173223582431
3.90356247548313231809
3.06634962129239267868
3.17699543594258252752
.76642025025438882906
1.15321290315361976528
1.59276489162713528214
1.85407658957228625054
2.83910197069425458140
2.85672889858313296686
2.97675998360633704619
1.59655879941829890626
1.76198751414418371297
2.45613517543314378550
2.68667080231278055998
2.61430679148412113059
1.73577072218654500498
1.56198591542945738560
1.25865007051205459343
2.04953653297519924935
2.63763151330886248190
1.98285148208331528583
2.64026513820108604637
2.39983332754589438383
1.13969294110299726818
.87715449038353557299
.95718336801262902010
1.23911258568380298733
2.32746643369995778764
1.61752897964765997573
1.43878420897645384186
1.86735106501161157529
2.23843695466278433222
3.36860505254029446009
4.68027776953462453359
2.38209991394147865201
1.92971500486470799479
2.00032497359804014421
2.29662796290561610848
2.47356018726045960751
1.98156503804442411745
.97164808444209882052
1.54664152278412595319
1.80836943128333155309
1.29286503549287773288
1.79357185526535289686
2.70974168510579620525
3.13206002496759311389
4.15463596479884143410
2.88671093114637995614
1.97367677191580688674
1.12111551590369134450
2.65307368913869408943
3.28813016773971404162
3.88418588638597470510
3.88811008074617146634
2.55511252198411019411
1.43854092746782842445
.76085478246509037764
1.62702181915301922603
2.99948328883492864843
2.53339692902632216007
1.76434123683600389853
2.45676616713923346067
.55036351623268052523
.38340579025361627941
1.44090249496626245518
1.36062485645382798144
1.62064801854073174935
1.03566403818999141687
1.44903416108799864277
.83456575534825295154
1.48435171034360990492
.59891568688756182887
.75650512225628717153
1.15883562251080286680
.95932267772632165583
1.13008849211024178095
1.37615406114286491975
1.24923976881942083008
1.12712022428842966795
1.73669225828872744474
1.48721215702400711649
1.45674294232029832065
1.58974840776771970321
2.01029848530013074772
1.57175061635108004178
1.63187009286891461187
1.86099435786355891896
1.89044968195400535500
2.83157200155673244359
2.66182268380145862788
3.45862689517097232671
2.86197484265672747719
1.20436705368421632193
1.60626896875959102243
1.74937131564456606646
1.64648109615628444967
1.94182903469898708794
4.33797187634959201103
2.99494574241337467338
5.20974087647360826010
4.68601109687119712437
1.84067922246110009161
4.44101339786314988324
5.61360846514966699097
2.31224998648502536865
4.82340128954662033726
3.04371483552582501125
1.30545011394537784536
1.81840589528300858948
5.58693117910002539168
4.50476414476940179794
4.80178091961722052074
5.16570421143139011611
7.23226105723514380386
7.19038941921784928857
7.51950796262627811574
3.33887705673629139093
2.83734030387614943208
5.46387225326507793894
3.59101656916255400337
4.38604605538975160451
2.45637944951507848263
5.11376573573721697132
5.92422146783862225320
3.46411604886441412647
7.90000632911138875626
12.34980161783985905011
