1.89267007161840016241
3.00995016570042235641
2.59984614929422314076
2.18462811480581289345
2.30750947993718977050
2.09305996091846351099
2.30828940993108574283
2.92502991437694530802
2.59713303471347035268
1.77544360653894045331
2.39158942964715413127
3.29048628625010379331
2.62668993221506828084
1.46768525236169079658
2.35076583265964625939
3.08116860947271108602
4.15658513686415425983
3.33854758839828431162
2.74919988360250008213
2.22040536839559996592
2.47596445854943564050
1.84228119460629570852
1.73418568786621001798
2.98908012605885157124
7.02439321222837012102
3.77598993642726754553
4.48021204855305927962
7.25394375495150913428
3.46938034813134894484
2.78865559006486134417
2.18437634120130499091
4.89694802912998046451
3.21238229356345444291
8.46721914207964739150
1.60464949443795980650
7.26944977285076232749
4.70685670060179333690
1.97795348782523195104
1.65906600230370581842
1.49926648731971595417
2.21011311927692968029
2.09272549561570544746
1.41629799124336824712
1.32382022948737265472
2.62613784862866633183
3.95369447479190025488
3.76210047712710618400
3.10480273125362990427
3.05694291736041417368
3.43169054548920538299
3.96592990356612329270
1.66742316164793632747
1.28382241762636315167
.85516080359193264418
1.62868044747887852821
1.86477880725838366119
1.51340675299140911425
1.38701117515325016216
2.27035239555448748402
5.01079833958621807157
4.57473496500070482498
2.53671046830338917178
10.34874871663236395542
7.36237054215556309091
3.71679969866550651064
10.80623431172950274927
13.74685418559460824835
12.59363728237398458701
8.14024569653766654660
6.90499818971735864422
2.00064989440931418554
.83264638352664452078
2.20376949792849252059
3.52735028030956970906
2.99402738798428495604
2.30679431246047596110
2.30082593865768124949
1.54576841732518264050
1.50877433700338368394
1.51664102542427619773
1.23162494291078726918
.71035202540712164847
.69749551969887233104
1.75068557999430611635
1.10344913793069773733
.95509161864189762137
2.33632189562996648297
2.41402154091466217802
2.65842058373012151186
2.39060661757638410499
1.88348082018373630159
2.07099010137663381348
1.92803008275285995341
1.92418814048938572081
1.83142021393234600281
2.32639205638258660212
2.41302714448055888420
1.39237207670938302252
1.60909912684085438851
.66790717917986178807
1.82159270969116474447
1.86644046248467298920
1.85456194288570474806
1.73554026170527084087
2.67869371149446647593
1.83349393235974468004
1.03387620148642554968
1.23373416909802737294
.53047148839499376057
.71091490348704886326
1.40484874630687555737
1.09558203709261316092
.97872365864936564329
1.21762063057423595872
1.42119667885905221742
2.00726181650526097980
1.97989898732233306832
3.51599203639598706074
4.41549544218992485192
4.02487266879338681023
2.82895740512295448028
2.10746292968583435531
1.43822807648856584265
1.01222527136996535273
2.25230992538771182319
2.94642155843321238756
4.10632439049814962375
4.72106979401914794441
3.81948949468381179889
1.17622276801633116491
1.37753402861780514347
1.23296390863642071167
1.84176545738049935878
3.45018840065292666330
1.59602631557252213121
1.10860272415324688304
1.29236217833856465733
1.10009090533464551499
.54963624334645181766
2.24494988808213712429
1.98133793180264935844
1.95143536915778996546
2.07376469253384676290
3.80161807655634970940
2.05009755865422170401
1.76388775153069193253
.36932370625238775755
1.46461599062689466458
1.67708079709953151678
.89358827208060424499
2.24664193853849349884
1.19452919595964668912
1.38412427187734844663
.70957733898427167852
.57662812973353979446
.45265881191025100820
.31288975694324031354
.23108440016582685800
.33000000000000000000
.21494185260204677039
1.24967995902951088335
1.29309705745547190151
1.15948264325085953396
1.04752088284673351422
1.00009999500049993750
1.16661904664719065266
.99548982917958534007
1.64942414193560292995
3.39679260479647182124
3.10009677268307222758
6.45729045343323549029
7.95018238784494805127
8.00635372688466719108
5.84558807991120770179
.16911534525287762898
3.09686938697775886681
5.94567069387466160566
3.02028144383929889415
4.64845135502136883445
5.49736300420483420708
2.75677347636689220958
4.04324127402755919185
9.00009444394890780637
3.47692392784196531089
8.47788888816077843741
2.56009765438742590165
3.51575027554574757513
2.66615828487357441814
3.74219187108304215556
3.68978319146260950062
3.71453900235278186532
2.61445979123795285037
3.91863496641368727528
2.91425805309001419597
2.29723747139907153308
.92184597411932108518
1.89836771991097657307
.61798058221921503995
.79511005527536878207
7.24788244937788708891
