3.72645944564005687503
1.53720525630118764566
3.33772377526960729770
2.03027091788263568182
.68774995456197596174
1.84848586686509453550
2.40601330004636508035
2.29464594218803176127
2.21957203082035614300
5.41194050225979479956
3.06086589056103534475
4.98891771830323936442
3.36954002795633813791
4.45418903954468461444
4.02877152491922778184
3.34713310162592727450
1.59072310601185396875
2.39334493961902616508
2.89496113963555648969
4.33620802084032864263
1.72162713733258747096
5.59951783638555793822
3.17308997666312639341
3.96610640301038822243
2.78093509453205325972
2.29148423516287800796
4.63721899418174987704
3.73701752738731478377
3.64096141149559562315
3.52061074247068671867
1.48862352527427162113
4.19587893056985141605
3.18738137034149084266
4.06244999969230390526
1.39971425655381534375
4.01952733539653888494
3.36839724498165447599
2.42565455083777335468
2.61551142226525174087
2.66837028914654197024
2.06707522843267608057
3.79497035561544274890
5.17569319028862065333
5.21324275283628049853
3.46135811496008023211
1.84426136976297369931
2.11494680784174806158
2.85954541841880874854
5.31188290533592240630
2.34838242200881754087
3.53512376020981760479
2.95793847130057794919
3.17724723620935737843
1.60405735558302278557
2.85343652461378576221
1.71953482081637416313
2.23414413142930418234
2.44944891761391913294
.77646635471216652067
5.36451302542924207223
2.65290406912877269988
2.76783308745307111230
4.75425072961029265066
5.39120580204465947078
4.16058890062452577321
.88741196746494240638
6.57879168236842714514
4.65666189453346505252
6.57279240505890312117
5.46948809304856243783
3.31054376198231217400
3.11489967735720182054
5.25838378211404421260
5.42439858417502354542
4.26361349092527382203
2.54328527695970433776
1.80094419680344343533
3.15463151572414238441
1.28705089254465769163
3.77935179627406477297
2.85863603839313548943
2.88745562736468731349
1.89179808647751835070
1.46853668663741594658
.99644367628080213533
5.02916494062384078415
3.46348090798837809906
1.98045449329188071601
1.52032891178192095841
3.36740255983747805904
1.71837132192084723466
3.97348713348866904318
2.60324797128510214460
5.69482220969188817748
3.36147289145695774120
3.90089733266590855044
2.67628473821452712778
1.07494185889284263186
1.60318433126075680218
2.36307003704926189815
2.41275775825091898097
2.90740434064476143686
5.03801548231047023248
1.92668108414444137864
3.54383972549549706635
4.11578668057517286095
5.55101792466931239686
5.48161472560777478069
4.66975374083045197146
3.02340867234318820923
1.75653067152270358526
4.29083907878167810461
3.05659941765354656687
3.56206400840860803305
3.52767628900385359607
2.24269926650899852654
3.23785422772551636687
5.24973332656050253967
2.33182332092292103827
1.34175258524066202001
5.09267120478045391749
3.09770883073280468704
9.42673856643961459129
1.88827964030754724440
4.63451184052862249238
1.52793978938962120347
.49345719165901311241
4.66477223452549717304
1.84924308840130588170
1.38408814748194415711
1.91551559638651859242
2.59487957331356708955
5.22453825710942612483
3.43466155537921960186
2.95557101082007501814
3.94891124235529001082
3.01703496830911789152
5.00864253066636808871
5.01247443883756877557
3.04568547292723580078
3.23464062918896756999
2.08808524730193905941
3.45000000000000000000
.57463031594234566628
1.83005464399290547523
5.04203332000096960882
4.23060279392901644691
2.77223736357477153168
5.60411455985689143370
3.66854194469683009511
2.31069253688152980973
4.17437420459642070167
3.83626120070049453351
2.89050168655892674606
1.96229457523583853992
.94345111161098326409
1.05872564907061734979
2.82072685668073859320
1.21647030378879368680
2.67858171426596579011
3.83482724513112845908
3.56508064424915919741
1.40246212070059132845
2.38203694345826634998
4.21172173819686240676
1.89528361993660463334
.68571130951735074908
2.64168506828501417412
3.95526231747023322508
5.20048074700791484431
2.96006756679640676069
2.63550754125272804160
4.40128390358995133069
3.85379034198800181693
5.92358843945120819363
3.17003154558436531656
3.87280260276714852344
3.15012698156756849172
2.72431642802373454395
5.25193297748552766125
4.45327969029568139475
4.33319743376643294162
2.81751663704049847088
2.47111310951158202947
1.67693172192549330401
1.49120756435849667399
5.13352705262181315408
3.34374042054702565692
5.58929333637088687734
4.86530574578823360507
1.70452339379663545877
4.69205711815190928415
1.80568546541195817424
2.82720710242458184158
2.91922935035944032624
4.89891824794004906039
3.99366999137384910691
.89274856482662575042
2.30707607156764555612
4.27050348319726815791
