4.71187860624613290768
1.90541334098405010616
.87286883321607949367
1.06929883568626408562
2.08369863463985597535
2.61319727536977200178
2.43183058620455713685
1.89282857121293475048
1.17660528640661818165
1.35565482332340041728
1.73280120036892864567
1.37054733592094512523
1.50801193629228280057
1.59467865101405305042
1.31943169584484364849
5.42783566442463325984
5.67394924193017433447
2.64051131412080868591
4.72281695601258719796
5.73412591420872096635
6.09134632080626326950
5.68044012379322593630
6.44190189307474629131
5.68512093099170582630
2.36086848426590675262
3.25069223397109680916
5.94017676504664295330
4.85984567656216836788
2.08925824157761790077
6.14108296638304667677
3.26987767355294194956
6.42635199782893934189
6.30476803697011520750
7.95538811121116830706
8.92468486838611013597
5.94351747705010117941
3.96283989078539482696
2.17919709985122731669
3.64535320648082056328
3.11887800338519172416
1.06146125694723309576
2.06496973343436682924
2.03823453017556348139
.87561407023870967488
1.09895404817489980434
.58017238817441148540
1.06536378763312581442
1.24193397570080189830
2.07475299734691310073
3.54407957021283595220
3.20657137765557933634
3.45260771012288623140
1.59956244016918576806
2.32040944662790062517
1.27585265606965759845
1.94661244216716132649
1.82704679743021360848
2.50281841131153580140
2.92704629276682264091
6.06621793212212249811
5.22369600953194825169
8.72693531544722749126
4.99844975967549362743
3.52495390040777696409
3.58706007755654965138
5.37923786423318521762
4.42105191102751020389
4.98247930251596730102
6.96845750507241021232
.68709533545207538397
1.74304331558340798451
2.64321773601797701012
2.93400749828626034477
2.78303790847340058290
4.95107059129639152431
5.69036905657269298348
4.10095110919406109420
3.49362276154710212581
1.64672402059361483038
2.29253135202116701608
2.72156205146970698276
2.33336666642857482987
2.51539261348998955829
1.91452343939686463165
2.15485498351977272911
1.47380460034564961999
2.30488611432322182750
1.79178681767670118105
2.08103339713710505362
2.63378055274162885219
3.52832821602526087896
5.89849133253580359959
4.79852060535327908890
2.40636655561865719676
4.11861627248764217767
3.16943212579162199669
1.40370937162932698003
1.73844758333405036834
1.49194503920218187104
1.28891427178071079034
1.35683455144685934549
1.14564392373896000164
1.88321533553653922022
1.41258628055067843349
1.03077640640441513745
3.68104604698175434274
2.71337428306527590263
2.57584937447825159123
2.61933197590530704382
3.00151628348073434202
3.06356002062959425870
2.91787593978907883245
2.03381415080139512731
2.03855340866998135168
1.98476698884277093369
2.78224729310677917676
4.63523462189348080900
3.80044734209013873556
1.92208220427743412370
2.29580051398199665095
.41641325627314027669
1.71131528363419930043
3.00176614678758744908
2.74242593336629603860
2.44991836598691589954
.87166507329363610334
5.22698766021118515515
6.15642753551115876366
1.43899270324765719431
3.34911928721567037587
2.77297673989523395713
2.31676498592325932967
4.18693205103689257375
3.44188901622350397366
2.07716152477365129920
1.51842023168818453411
3.95613447698634228315
3.42270360972141436750
1.10295058819513759757
1.61065204187620859328
.98797773254259126546
1.74195292703333404399
2.00392115613364389671
2.10249851367367201760
1.91546339040974625462
2.79717714848380670092
1.88151534673517877208
2.06847770111258390621
1.03966340706980737708
1.02810505299799008428
2.02704218012354148446
2.03609921172815152190
2.25922553101721121639
1.02083299319722224581
.77807454655707636764
1.77372489411407878565
1.82035710782252832117
1.90057885919001003708
1.25737822471999251654
1.37626305625051201546
2.70469961363549575229
1.40676934854296566024
.90144328717895503556
2.70499537892396407694
2.57283889895966863664
1.73669225828872744474
.83198557679805964290
3.63375838492324637938
2.66418843177429925571
5.75413764173225178508
4.41081625099028581150
6.92538807576875073707
4.25833300717546043821
3.08870523035138463178
6.09499794913829318837
4.96774596774029901682
8.38793180706662636134
5.04914844305453154697
5.97749947720616701686
2.49016063738868059395
1.61248255804520254661
3.81141705931009339601
3.58503835404867042546
3.05321142405828162131
4.71247281159265681762
7.67544786966858371092
4.58332848484592035791
3.72715709354998880492
3.75733948426276754500
4.59371309508985334498
3.16007911293372527173
3.17082008319614375436
3.63896963438828381768
1.42411375950097469732
2.92931732661383068534
1.23555655475579101473
.78759126455287707184
1.73164661521916763165
2.24405882275844097357
7.49601227320233247762
