3.60073603586822231808
2.04716877662785781361
1.12004464196745300978
1.42112631387924134799
1.44291371883422052381
2.13674986837486432077
1.63835283135227010233
1.60751360802949347847
1.18021184539047903931
3.19076793264568208396
4.17960524451771641232
5.58608986680307534058
3.68589202229256846145
2.44716162114397340023
7.17636398185041893573
6.08664932454630574801
4.64935479394722037167
5.25391282759811308995
5.40881687617541734795
3.74761257335920464274
1.21688125961410055729
4.36389734068069021068
1.05806427025960951310
5.06261789986169112229
2.25798582812204558796
2.56968869709931984982
3.15941450272040119974
5.17543234908930096431
3.94853137254853275909
3.59101656916255400337
2.62903023946093096283
3.18636156140510833899
3.62211264319595670964
5.41711177658353289401
2.06089786258319943942
2.03327322315521580273
.23151673805580450947
3.83547910957679444900
2.04127411192127746535
2.47058697478959440902
1.78061787029109645516
2.21300700405579376467
3.52427297467151372190
3.19695167307859065797
3.64847913520140608190
1.65948787280895789015
4.34365053842962831875
4.19492550589399620628
6.56435069142409544987
1.45096519599885647980
1.95435411325583470883
1.03773792452622641924
1.26704380350483542388
2.06630104292670771521
1.26087271363924756796
1.90887401365307501008
3.34536993470079479041
3.23063461258001134540
.72801098892805182710
3.56547332061256630012
1.71172427686236897631
4.38001141551023814223
5.46674491813912971053
2.76005434729100941303
5.26104552346774509451
2.44241683584108959523
3.21281807763838380703
4.48274469493858193333
4.73992615976240710044
4.70575179965964630772
4.31775404579742128692
1.84067922246110009161
4.00970073696279732721
2.53570503016419478806
1.66772299858219860192
1.53261214924063550567
4.62685638419867101887
2.08033651124042910213
1.27577427470536495373
.86290208019218495797
1.52029602380589024547
3.14073239866117851973
1.31575073627188215987
3.59961109010404067012
4.27941584798673193865
3.09205433328717559907
3.07496341441650326507
1.97172513297366070775
3.18136763043820510926
1.94095337398918472834
2.62242254413738595742
2.19401458518397274577
3.74685201202289279846
2.88281112804845402691
2.44951015511265027292
5.58574972586491741037
2.94234600276717965737
2.12518234511770777603
2.10703583263313298594
3.13242717393397671310
4.30555455197120920185
3.57112027240752562139
2.23313680727357140572
2.97707910543203403135
5.26171074841633612200
4.77739468748396378504
5.57356259496562934223
3.23797776397553415935
2.72268250077015039384
4.28079431881514251291
1.73288776324377107651
1.54032464110654283851
3.24525807910557400094
3.48186731510550240840
3.46430368183853073709
1.96598575783244167427
2.12870852866239064166
3.11070731506517661964
4.77339501822340280533
.23790754506740638468
3.28263613579086769913
5.43607395093186715194
5.01355163531802073729
2.55333115752735841634
2.85863603839313548943
2.87426512347069333464
4.18059804334260291487
4.78828779419115534014
4.77281887357984704824
2.72427972132084850638
2.01268477412634092793
2.79733802033290213527
5.73917241420747003506
1.81311885986550810021
2.55626680923568696246
4.21076002640853424353
3.32610883766601961145
2.59380030071707717812
3.42839612647080209012
3.47590276043504991489
2.49827940791257373722
2.29126602558498213332
.94085067890712604831
4.94630164870683963424
2.50301817812016698905
2.13918208668640454282
2.69547769421303132400
2.42425246210043066133
4.96513846735415829127
2.31717500418073731645
3.30786940491912407058
3.24402527733678425479
5.10417476189834236753
3.14722099637124307235
4.49271632756843440570
3.44027615170642951105
.33181320046074116368
2.20213532735842553623
3.07053741224561535222
1.80258148220822461659
1.86496648763456336805
1.02610915598682774837
3.19656065170051168857
1.76776695296636881100
2.92400410396428821428
4.49258277608771500307
4.17378724901018403597
4.48226505240375092211
3.19440135236635535706
1.61161409772935406647
2.13386972423341720741
1.69552351797313622517
2.74956360173755573375
2.53956689220819698415
7.59861829545345697778
6.28469569669049290557
2.45320198923773906188
5.63106561851307145642
7.63456613043596603830
3.68460309938533271054
1.85744448100071082582
5.23554199677550098820
6.91023878024486213195
2.08655218003288860957
3.49692722257698694589
1.79760952378429504136
4.97291664921100401907
3.03779525314001371391
4.25583129364875082802
5.26821601683150422426
3.32935429175087943207
6.22862745715298018416
3.43687357928684947432
3.83224477297575552450
4.32158535725027650413
1.61496129984591271629
3.78714932369981947085
2.80756121927910950406
2.93613691778840586138
6.01086516235391858253
