.37215588131856790528
1.53535012293613341801
5.69158150253512578125
4.20941801202969149835
2.07173840047434560265
2.70085171751431033648
2.82619886066072852346
3.14160786859213223482
2.99046819076879665779
4.47822509483388965567
5.50089083694632136989
2.01171568567727780691
5.28861040349920273837
3.87459675321187456342
4.88685993251290147922
3.04049338101565351853
2.99736550991032790325
2.47479292062992615955
1.21987704298425093364
5.30546887654616253145
3.21074757649990292724
2.22856456042897711695
3.85857486645004725376
4.78934233480965526188
6.52325838825965869006
4.23699185743848226244
1.32325356602580142073
1.65755844542507761312
2.10382984102802382509
1.56630137585331897709
3.75926854587431675810
.67119296778199337746
4.27910037274191548029
2.60376650258812570046
1.86488605550044263287
3.12470798635648512018
3.88399279093048781111
7.53364453634494225729
3.74328732533317564994
4.91091641142465384561
1.15918074518169943590
4.20486622854996422774
3.14416920664267049557
3.68457595932014950229
3.47122456778584119308
3.05116371242186871941
3.37535183351306356819
3.61682180926846325606
4.95100999797011114862
4.03716484677056505254
2.96192504969318897855
3.50646545683826750000
1.58757676979729077919
1.10575765880232545645
3.62903568458619596418
4.79993749959309366005
3.70877338213053939621
5.12791380582786317176
8.35494464374241081661
3.36801128264143438275
2.92757578894210696059
2.28547588042403107746
3.57106426713381902977
1.66237781505889929871
2.70475507209063201712
1.90774736272914291768
2.53053354057993074449
1.69626059318726142480
2.44315369962677542552
3.68061136226035144265
2.87489130229301017307
3.92583749026879613653
2.05936883534737409602
1.86016128333002350981
3.16584901724640052361
7.11027425631388708108
2.06305598566786354674
4.20116650467462429519
1.14389684849640179433
3.41177373223958097815
5.21019193504423596872
2.00234862099485563083
3.00026665481586819571
.53990739946772353899
1.94437650674965726916
.67904344485459838654
.67386942355325783100
1.84198262749679590999
5.24978094781106081151
1.06183802907976506508
4.13542017212277959357
3.07523982804593632233
2.20574250537092384336
2.00773504228023076062
6.15351119280691647625
4.22722130956021747768
5.70033332358731457366
3.35143252953121525316
4.68576567916066413283
1.98630309872385790425
3.25013845858911063099
1.01877377272876435194
.93112834775878239287
4.00482209342687281375
3.81545541187418412216
2.63212841632014603346
5.56695608030097539407
5.20535301396552739122
6.17059964671181693736
2.14520395300773208322
.79536155300592698437
3.49864259392124819537
1.52433592098329822177
3.74877313263953064199
1.89836771991097657307
4.29479918040413153844
2.78461846578665063624
2.36199068584107672386
2.16101827849743094207
6.74312242214243059785
3.74466286867055630274
6.03100323329377763317
2.69024162483595513934
2.50864505261306347288
1.51076139744170058668
3.29072940242737066045
2.05509123885047984504
2.91893816309972555060
.65459911396212567742
3.66960488336278514932
3.35490685414662444097
4.49317259850987696285
2.07795572618860193077
3.06052283115156649536
1.99579558071461817735
4.78073216149995167243
1.41262167617518881112
2.24584059986455850873
1.47749788493926447312
2.89319892160908977482
.78134499422470225485
1.72794675843904403558
1.55916644396934094612
1.79055857206627005106
2.23197222204936950241
1.80737378535819203133
3.35299865791801354249
4.48372612901368006825
5.50461624457145967900
5.08197796138472052701
7.17070428898026724366
3.87822124175503943103
1.20174872581584208642
4.05309758086330805774
2.94234600276717965737
3.99130304537252595722
3.16766475498907554454
3.86684626019706141613
3.24669062277267188339
4.71528366060834138657
2.83637092073656685202
3.02373940676110513265
2.23535232122365891711
4.33530852419986367917
4.61851707802407070410
3.20512090255578346412
3.74221859329462473878
3.37428510947133807844
3.35337143782194220561
2.40385107691803570263
5.37563019561427792975
3.64930130298938182920
4.00982543260925512325
3.84257726012112865103
4.87345873071682017706
5.90022033486885979360
4.23138275271807572744
6.78976435526300131994
1.22837290754884365448
2.76618871373592297071
4.31524043362591790590
4.70447659150303350725
.99644367628080213533
2.73393489315309043260
.52019227214559810298
3.13249102153541694712
2.95694098689845347410
1.94668949758301208132
2.81769409269352729712
1.23991935221610280341
2.41049787388414844044
1.56064089399195226906
3.61146784562731501000
3.14189433304177179166
3.18501177391858317758
2.14058403245469436067
3.20982865586311320163
3.46475107330959636431
.64876806333234375694
1.06812920566755405988
