3.59808282283774007068
1.08452754690694694221
2.10753410411314578091
2.37697286480094256880
2.03786653144900537178
1.75761201634490426011
.92504053965218194646
.89905505949302126153
1.49783176625414110623
1.69130127416731996027
2.10302163564714664111
3.16905348645301346545
1.87253838411926819439
1.98247320284537515864
1.48219431924427506894
1.23146254510642750607
.85387352693475630436
1.44433375644274131878
1.13212190156360812274
1.32612216631802064150
1.17766718558343129203
.70830784267859126959
.83156479001939470044
1.83188427582093733086
8.32115977493522233353
7.47125156851246710849
7.30089035666198729142
6.39832790657059088491
3.45603819423339128119
4.86905534985997052795
4.60036955037310018929
2.98519681093223734537
2.53317981991014605508
1.68961534083944680547
4.10524055324410922637
5.23897890814612843102
4.77066033165221269245
2.03115730557729083042
1.54162252189049184246
1.59702849066633748642
1.56112139182063609309
1.89802528961023066764
2.38310721538079356300
1.99404112294606401881
1.02127371453494288002
.95105204904884149037
1.00742245359134218574
1.46068477092081712440
1.80889469013538762170
1.71985464502090989933
.62136945531623937396
.88345911054219142055
1.63113457446036622229
1.60922341519131519254
1.67326029057047786022
.82134036793524278840
.91224996574403881969
.72958892535454511242
1.51092686785297454382
6.16974877932643218574
18.43414766133764048405
12.99364844837661444108
4.81918042824711015197
7.58554546489571836117
10.07615502064155422251
4.18861552305770838458
6.29963491005629627034
7.06592527557431787478
5.58842553855734933867
5.28350262609947038909
.73252986287249750593
.97025769772777376301
1.50119952038361642956
1.70672200431118834274
1.46485494162391383182
1.22151545221499347187
1.82024723595450076980
1.68546729425402971834
1.78429257690548048751
1.60415086572304663641
1.89425447076151835593
1.69661427554998487346
1.33285408053545006206
1.48172197122132193886
1.75709988333048386210
1.35240526470433410539
1.64453640883988944296
1.48249789207270038532
2.02388240765119552931
1.85803659813255562256
1.62975458275164853116
2.64247989585540650334
2.25889353445442399406
2.16677179232147103378
2.16083317264429277828
1.82630775062693089365
2.09325105995434766434
1.92668108414444137864
2.00893006349150940272
2.67563076675388825967
2.11371710500719561168
2.40060409064052042408
2.38715311616159217831
2.15343910988910944874
2.49689807561301949111
2.66668333328125032551
2.61658173959844029176
1.87539329208568942241
1.17766718558343129203
1.45941769209503555339
.56665686266028756179
1.25255738391500451048
.84017855245179878371
.55081757415681645986
.41448763552125411983
.83192547743172284698
1.14669089121698354929
.95718336801262902010
1.20772513429173941324
2.02289396657363136246
2.21449768570662543377
2.38910024904774558938
2.48374716909753115072
2.77223736357477153168
2.66662708303954642033
3.89430353208375374064
4.49114684685326226753
2.10535032714272994457
1.97863589374093787564
2.89022490474357375744
2.25895993767043155147
2.69818457485769494197
3.15303028846853927585
3.77100782285054402139
3.01229148655969215120
1.20498962651136544960
1.55913437522235395039
.80975304877474836216
.46335731352812377941
1.41198441917749219900
1.16314229568011153121
1.04484448603607991668
.34219877264537346671
1.00324473584464922424
2.63307804669743885660
2.31857714989171753460
.81111035007574647518
1.14520740479617926717
1.61684878699277255573
1.45523194027618841293
1.42186497249211396416
1.33768456670472205908
.77833154889160184934
1.34484199815443003586
1.54654453540788795481
1.76615401366924962748
1.75045708316428026615
1.49576067604413240236
.80330567033975304810
.78415559680461377167
1.32321577983335733797
1.21725100123187411572
.91186621825791967431
.31843366656181315276
.59042357676502045322
1.38683091975914641416
1.51851901535673895557
1.61830157881650724168
1.17158012956860957509
1.00573356312693472723
2.51954360946580958360
2.42997942378119737032
6.61006807831810458427
7.56519662665815976873
1.33596407137317880791
1.97230829233160199680
6.26621097633968912315
7.24647500513180546221
3.61930932637706444489
3.42604728513778688623
4.50009999888891357956
6.30938982786766790216
8.79371366374866677123
4.54321472087771788158
6.98896272704326274832
10.95480259977330673215
2.32933466895592313038
6.73419631433476997058
4.11048658920084545262
3.32758170448149927917
2.35805004187782240542
5.78013840664737023907
4.40014772479288472354
2.16326142664265152842
2.91960613782064788972
3.28495053235204745906
3.29827227499489495981
1.05778069560755361707
2.98931430264534077146
5.22322697190156575719
