1.67317064282158620475
.84734880657259440079
.58830264320330909082
.82516664983504998655
.40804411526206330035
.46141087980237310394
.47000000000000000000
.61919302321650879531
1.04522724801834361669
.39025632602175714122
.64668384856898969871
.87200917426366564575
1.42295467250366060281
.88209976760001473202
.66407830863535965971
1.14498908291738747040
1.04675689632311474922
1.16524675498368155721
1.40185591271000458693
2.05958733730813173301
2.46771149042994894427
2.29538667766457161687
1.02503658471295550144
3.72860563750043160822
3.34264865039686754093
5.97305616916499455079
4.73300116205352309651
3.16812247238013196098
6.96076145259985188066
5.60660324974043441543
7.78021207937161568991
4.73442710367368524763
3.39442189481508028997
9.89996464640152136740
8.48522244846886733639
6.12486734550226810053
4.14462302266442562885
3.97610362038013290003
2.50051994593124571620
1.32506603609027727580
.53935146240647201938
.57087651904768337563
.93482618705297296565
.94408686041062980149
1.10625494349177938487
.75006666370396704892
.30528675044947496050
1.22286548728795187958
.78593892892514237642
1.21305399714934371918
1.18004237212059465945
1.32913505709540292751
1.29472004695995960314
.95629493358482246013
.85568685861125622407
.89677198885781440313
1.61527087511661646997
1.65740761431821592799
2.77353564967173263121
3.83020887158912000763
4.20629290468459887542
4.25484429797378131978
2.30549343959162026499
1.65133279504768511092
9.81298119839226024388
9.71260006383460638372
9.89397291283941205434
11.36197606052749963282
4.55053842968060209304
3.81943713130613003417
1.31685230758806053739
1.65701538918623202990
1.02659631793612040014
.59949979149287449939
1.02610915598682774837
1.13639781766773909974
.81492330927517345127
.32403703492039301154
.51068581339214818646
.75206382707852662683
.64915329468469926267
.46086874487211649054
.73047929470998697157
.51643005334701426533
.58974570791146924632
.59841457201508721281
1.10426446107805171907
1.26019839707880917459
2.54733193753778386532
2.07583718051296113689
1.51851901535673895557
1.90934543757801982498
1.20203993278093719077
1.13969294110299726818
.90653185272223060479
.76328238549045529509
.96958754117408088733
1.00826583796139795623
.61384037012891226100
1.23377469580146601416
.74979997332621985096
.62689712074629916902
1.10054531937580834908
.78115299397749222222
1.19436175424366297815
1.60630009649504783935
1.55852494365666153107
.65893854038142282575
.40669398815325510046
.79517293716524331924
.53319789947073122354
.28390139133156779934
.33120990323358388373
.65810333535091584430
.93840289854624809763
.13190905958272919170
.89190806701139327681
1.83463892905388879410
2.19922713697335046320
2.08973682553569409983
1.12254175868873581962
.76013156755919563638
.92368825910043914555
.85445889310135920663
1.13973681172453142801
1.11825757319143607041
1.15178122922714797991
1.53583853317983918852
1.37767920794356187452
1.18549567692168325342
.42941821107167776938
.71196910045310252916
1.28456218222396692196
1.61709616287962293835
1.00692601515702234834
.76576758876306589213
.98417478122536750967
.35128336140500591605
.50813384063650002093
1.17838873042812149935
.79334733881194811757
.77239886069310071192
.59640590204993779890
.40804411526206330035
1.13960519479335473938
.87578536183245264378
.89582364335844585923
1.26115026860402325333
.35057096285916208208
.81258845672332806034
.49365980188789931490
.40074929819027755846
1.29572373598695798530
1.11305884839931082594
.88328930707894341632
1.26767503722365693667
1.13141504320916645659
.97226539586678698168
.93824303887638836027
.93882905792268700954
1.08023145667953958171
1.08912809164028084947
1.14952163963972422470
1.24165212519449263011
.65000000000000000000
.92357999112150540352
.71519228183754891525
.86706401147781471048
.57061370470748422079
1.68347854159178399668
1.23008129812626612423
1.64529632589391021225
3.76791719654240809591
4.66472935978069364349
3.69522665069410864141
3.03562184733210799837
6.95339485431397028182
6.36911296806706043528
7.31017099663202132950
7.03352685357779806351
13.56711465271816739945
8.46037824213551341148
1.60564628732482671910
9.30992481172646205813
6.20511079675455916028
6.53368196348735664414
9.72387268530393707149
4.41026076326559175940
8.82433566904614072206
8.59080904222646541303
2.94620094358819999343
3.59335497828978761194
2.66904477294780501027
2.77940641144831498354
3.52360610738487624162
.90094394942193823470
8.24883628156117546301
10.26583167600170619512
7.83091948624170187234
8.02177037816466047963
