3.05111455045529223080
2.78276840574274164659
1.23268000713891681094
.57349803835758671232
.98721831425475489909
.88549421229051519984
.71070387644925646627
.69685005560737383068
.53141321022345690272
1.29336769713797939743
1.57511904312023350002
1.82463695019036595196
1.70909332688416989208
1.46812805980949768100
.85199765257892582998
.61603571325045758259
.63796551630946323429
.28982753492378877147
.74263045991933296137
1.03368273662666921797
1.17136672310596223459
1.56639713993610190069
1.99739830779942336467
7.02829993668454647575
8.50696773239442821386
8.07577240887829874459
5.66121011798714286159
4.67363883927716434326
8.86293969290099592743
8.39058400827975740016
6.36701656979153777355
5.85745678601216826766
7.49487825117926782190
9.43095965424516064396
10.93050776496682243677
5.25007618992334243629
7.51817132020812624950
2.90453094319891865048
1.67119717567975802272
1.05304320899002050399
1.02888288935135858833
1.35384637237760474046
2.03433035665301912635
2.00362172078463952751
2.25851721268623498618
3.69478010171106123434
2.41207379654935101655
3.28123452377302649884
3.81199422874694289587
4.56558868055369175303
4.08395641504656609135
2.65800677200040256029
1.74797025146310770960
1.10548631832329792972
.66249528300207541930
1.11040533139930483674
1.67317064282158620475
2.14611276497764674192
3.95911606296152929540
4.53104844379311398242
3.26579240001565316889
1.75467945790677107362
2.54088567235914807895
4.21099750652977708456
2.59580430695381966037
4.08975549391403104207
3.58348991905935183977
5.07354905367041858859
1.38224455144522092632
2.18368953837307193341
2.24908870434227204581
1.08411254028352609956
1.69425499851704731513
2.76470613266582095886
2.08425046479543815885
1.39208476753393146234
.94915752117338247429
.67253252709441496573
.72801098892805182710
.30016662039607268763
.16733200530681510959
.77549983881365184974
1.58855280050743041079
.44011362169330773850
.72443081105099333012
1.63122653239824418937
1.68433963320940708665
.99944984866675526452
1.69286738996295867569
1.97365143832440686618
1.83502043585350841727
2.21293922193990678068
2.62101125522192292626
2.17487930699613765946
2.36141906488450287517
2.33632189562996648297
1.23814377194249941435
1.20751811580613563894
1.70953209972787583220
1.07396461766670879463
.76065761022946454183
1.57508729916789056686
2.09043057765619186323
1.97111643491702437786
1.57540470990790172894
1.67845166746022210265
1.28798291914139917292
1.19924976547840108385
.87241045385758646352
1.08037030688556041969
.93348808240919712343
1.15386307679897617911
1.11224997190379825156
.79044291381478017523
.55982140009113620879
.87960218280765993105
1.41968306322221087487
.62649820430708338942
.73905344867607511895
2.34252001058688930893
2.82008865108882703010
2.68041041633552827081
1.88870325885248580517
1.10381157812373031839
1.24523090228278546363
2.64151471697584906716
2.27341153335686233823
1.85854782020802467163
1.74782722258236955290
1.09754270987511005379
.90077744199108361108
1.36080858315929209897
1.90128903641713560479
1.89089925696743558691
1.32683834735057307206
1.66240789218530841285
1.33078923951165159697
1.55064502707744173128
1.56591826095744857049
2.13396344860918365262
2.11683726346641961224
1.45519758108649974487
.52153619241621189716
.42906875905849868808
1.65668343385210440752
2.14855765573093243906
1.38408814748194415711
2.00234862099485563083
1.90811425234444491321
.72539644333288538670
.90603531939985650870
1.60807338141018925330
1.38701117515325016216
1.40142784330838810404
1.14179682956294812090
1.38369071688726740550
1.64295465549113679730
1.42059846543631040204
1.58600126103354659344
1.52754705328510257317
1.48135073497129639085
1.64714905215041179648
2.07973556011335248794
1.41470845052964888267
1.74347354439349035968
1.90131533418315437516
2.05759568428785347702
1.14516374375021147016
1.76521953308929821619
2.36207535866237764704
.83779472426125959700
1.57397585750226804423
4.34256836445898684484
5.96976548953139364439
2.83806271953246304573
4.09942678919870454612
2.83806271953246304573
3.30602480329473632338
2.48263972416458365184
3.42295194240293125386
1.65924681708297997265
3.74279307469702364255
4.49317259850987696285
6.43904496024061009196
14.16734978745142721903
16.74305229042781195601
4.92959430379417734088
7.65459992422856806748
7.17889963713102761746
8.29897584042754036983
9.59809356070256277015
5.26207183531353931287
1.49909972983787839784
2.35265807120371829012
4.78109820020463499368
4.03254262221740193226
.64776538962806588035
3.97801458016433117245
5.39173441482423167768
3.73045573623384519579
