2.47493434256345475278
3.31523754804991311952
2.96770955452180326736
2.54831316756791099072
2.74887249613364206325
2.26260911339099843200
1.42425419079601096324
1.36440463206484314544
1.50578882981645205190
3.11879784532438075108
4.34569902317222148416
3.49438120416190425685
5.71630125168364442804
3.63561549122015927191
3.66421887992516080262
4.48172957684865229977
3.88228025778665288774
3.77181653848646249344
4.13314650115381223465
3.56901947318867959129
2.61155126313844354526
3.53684888000604289318
2.10841172449785053835
2.19339918847436432619
10.60738422043813778246
5.00105988766381400948
3.80359040907403698327
8.63437316775224859171
3.30717402021726095924
5.44614542589527258393
3.09093836884529290997
7.66002610961607623683
6.32529050716249711761
1.75826619145111244444
4.65581357015076367200
7.00678242847599771252
7.36335521348793820363
4.46229761445827366948
6.08317351388237157852
3.99092721056147552484
2.79696263829175952044
1.75242688863187670503
2.72882758707837751146
.78542981863435768082
.63820059542435401898
1.77203273107468305589
1.72328175293536953298
.17804493814764855594
1.95578628689333027545
2.42175556157098563604
1.61428002527442555232
.81049367671808519791
1.79337670331695788982
2.60082679161838841589
1.16223921806141097021
1.53613150478726918140
2.06228029132802411117
4.22653522403398408019
4.53340931308877072148
4.33738400421267750126
5.85527966881172978186
4.90756558794683863774
5.55606875407423301623
.76321687612368740126
4.56337594331214399016
4.28949880522188745835
4.18633491254581780385
5.59364818343091720761
3.75002666657185252608
2.60532147728452121628
3.09861259275824928026
1.97489240213232882851
1.81692047156720648800
1.93832401832098237042
1.60212359073824264064
1.70011764298827273831
2.53325877083254169476
2.50768817838263136794
1.73982757766394770984
1.87517999136082934048
1.33858133858200787334
1.41929559993681372646
1.16150764095635634350
1.40249777183423717551
1.54744951452381799504
1.88106352896439943709
1.30361037123827762219
.82716382899640866730
1.78633703426872947983
3.01346976092344420923
2.10014285228410117311
1.01508620323596163041
2.81627413438393812905
3.06269489175791064465
2.50141959694890053445
3.37607760574309073449
2.69321369371240202002
1.40957440385387248276
1.97192799057166385159
1.60212359073824264064
.43011626335213133858
1.49087222792565292322
3.17838009054927223944
2.58661941537598453092
3.15433035682694465616
3.13204406099275685141
4.72322982714159273632
3.77026524265866472473
3.04435543259981389447
2.08954540510609627671
2.38652466989134641964
2.71298728342025222991
2.52438111227286756531
1.84891860285952015189
1.26593838712632456455
2.91104792128195649873
3.53803617844702091169
3.48336044646545299202
5.04074399270583865663
5.08442720471047751237
5.32932453506070504533
2.69117074894923752030
.79555012412795210373
1.83262107376293149511
2.29220417938716794409
2.42707643060534869510
3.88593618063910051137
6.11962417146674130625
3.49533975458752793329
3.85563224387388896626
2.61313987379168052064
2.85982516948151919715
4.73380396721283759583
4.66051499300238277862
4.54098007042532614548
5.23057358231389380384
1.50695056322362479815
2.01645728940634891891
1.52515572975352257960
1.47095207263867030454
1.60850862602598435676
.80603970125546545562
1.01730034896288126654
3.73915765915266001371
3.70051347788384632441
3.33707956153280828546
3.57170827476153208858
1.83199344976994936852
.67742158217759788170
1.17796434581017773689
1.61901204442709443359
2.21835524657346078547
1.95504475652093448435
1.96331352564994060858
2.65001886785735923748
2.86855364251742728326
3.07052112840801015713
2.14023363210655111880
1.56655673373165773769
3.14143279412436261018
2.19715725427198314589
2.35951266154687120805
1.46823022717828555131
1.83741666477693621684
4.08035537667983032264
4.82016597224618397268
3.69575432083898130967
3.12757094244079457939
1.81424915598712626216
2.14618265765055514764
3.65633696477772682870
3.16510663327477799527
7.24007596645228578225
3.14218077137519253835
3.49799942824466453628
2.24546209052836160322
5.42545850596979499192
6.31320045618702020317
5.15910845011034828120
5.44796292204710218510
3.08405577122074755777
7.49122820370598508708
6.04112572290959692124
3.48195347470353199146
4.12510605924259843144
1.03290851482597431437
4.22324519771229953623
4.29372798393191181903
6.33773618889268694053
3.94473066254212088507
2.32297223401400129606
2.17554590850204767633
2.61038311364443207853
2.89810282771333011927
1.31125893705248011171
3.37681802885497518187
1.33375410027485951118
7.14527116350387362959
4.73367721755507955758
2.18057331910669768242
