3.98061553029176632136
3.10823100814595181851
3.53067982122423556357
4.63890073185447674977
4.56671654473977616065
2.66859513602194815961
2.99467861380816622680
1.17753980824429031274
2.58187916061151088101
3.13555417749398806333
2.03194488114220263659
1.15849039702537025388
2.57864305401115956780
2.26022122811020426005
2.77562605550531608349
1.86965237410594593131
.87292611371180779907
1.82770347704434813224
1.70513929049799330462
2.52681617851398125798
1.89306629572236587321
2.72257231308922261287
.94978945035202407221
1.49586095610521234033
7.11789294665212002723
4.22801371804775486823
6.24962398868923953441
3.32950446763478603985
7.31224315788253857763
4.45399820386133519150
6.56056400014510947534
5.15993217009681242573
4.53172152719030166137
5.18895943325827129172
.68007352543677216725
4.12350578998017171451
5.22304508883467327089
2.02617866931818231497
1.89195665912303604228
1.38057958843378529793
2.27714733822824912086
1.26842421925789480724
1.81069047603393551400
2.38178504487705607056
.79718253869487131410
2.42720003295978883356
2.24590738900783707270
2.73616519969098357071
2.00564204184096619669
1.76618232354420306603
2.92385020136121200705
4.29996511613757164442
1.25944432191343814085
2.21939180858180153823
2.78607250444061487636
.89381206078235484951
1.53710767352192995289
2.94932195597564424329
5.61465938414789325855
6.47265015275814207974
6.77355888732060850900
4.91634010214915867958
6.11893781632073786839
6.61229914628792335312
1.84891860285952015189
4.43576374483583153784
5.72001748249076595424
4.93390312024871440928
7.74251896994770042520
2.78107892732299131345
2.09611545483544393430
3.46808304398842214344
3.07333694866020182040
3.85067526545669649252
4.01012468634081252054
3.76899190765912894922
2.59796073873336276790
1.37619039380457818976
1.12276444546485350486
1.61124175715502110369
1.85757906964952638594
2.59272057885148896351
1.12489999555516044992
1.93832401832098237042
4.54248830488312870020
4.13358198176835486360
2.13974297521922010865
2.68300204994330930533
2.07067621805051887740
3.23187252223846230094
1.26079340099795890389
2.52485643156200071493
3.77602966090045431465
1.95389354878918621194
2.22750982040483942733
.86844688956780771004
1.57003184681075816704
2.32340267710958790657
2.23181540455298408176
1.69378274876089111737
1.51888116717536530261
1.29903810567665797014
.76013156755919563638
.84368240469977800764
2.35425147339871065015
2.88322735836076583244
3.35372926754680065364
3.33195138019749621916
1.83444814590110450469
1.69888198530680758996
.59573484034425920085
.92838569571057049973
2.73901442128368502681
1.11040533139930483674
1.01710373118969532172
2.76942232243477087201
2.62093494768565364330
3.64601151945519777179
2.58540132281237916133
4.31265579428732058414
3.88870158279084202601
4.21503262146332623137
1.41862609591111075119
1.00985147422776979377
1.57762479696536210345
.94540996398387932370
.74839828968270631664
3.99164126644667306080
3.11337437517559073263
4.70333923930647384043
2.67024343459543028982
2.56495613997588660521
2.46473122266911691751
3.16475907455844101257
2.59297126864144023048
3.33567084707109553261
5.03468966272996810617
1.55727325797369293937
.77097341069585532107
1.47682090992780840975
1.81815840894021112793
2.35461249465809129346
1.70768849618424261375
1.52318744742726920884
5.39252260078713068345
5.51852335321687299643
6.48029320324319893345
5.03748945408325395930
5.38357687787589785431
3.04371483552582501125
4.84996907206633638343
4.00053746389157065721
1.82658150653071049864
2.19899977262390820830
3.08917464705380488787
3.24248361599561517352
1.55656673483664040429
.74242844773082341796
1.32924790765304573414
1.63517583152393736693
1.24839897468717908267
1.63395226368459124577
1.49495819339538722767
1.11251966274758487973
1.39291062168396145804
1.11584049039278010956
1.62696035600133785189
1.85569394028217918303
2.55440795488896017491
3.53379399512761637722
5.86591851290145352629
6.23598428477814559028
7.85122920312482025045
2.69120790724165345002
2.48147133773493341955
2.36698119975634787465
7.79998717947664321672
4.65800386431784747183
4.41368326910756023723
2.23850396470499913206
4.92278376531003035280
6.50695781452438801655
3.54550419545655029535
3.16679648856695557628
5.13628270249993151601
5.96899489026418919416
4.74321620843916411914
6.35022834235116304451
3.14847582172707815126
2.43382415141275151247
5.51515185647684591477
6.51900299125564138592
6.35959904396495738702
5.08277483270703228187
1.24887949778991888133
4.65332139444504735575
4.03950492016039014998
3.43861890880626665584
5.61501558323750335787
2.84107374068326498268
