5.27634343082403990705
4.40411171520432710287
4.75336722755564089817
2.72488531868774249888
3.50114267061483799796
2.91494425332629646157
1.65981926726978320131
5.48323809441100232076
2.03523954364099362641
1.85334832128232171660
2.65228203628498000653
3.32428939775104417728
3.87047800665499196167
3.77356595278259314538
4.37594561209345928040
2.64992452722714350138
2.93925160542611594913
3.64002747242380026518
2.99364326532070283679
2.81630964206707924270
.09273618495495703752
2.95584167370310955902
2.23685046438066574660
5.22453825710942612483
2.79873185568035438402
2.68793601114312243219
4.87180664640952268570
3.04699852313715439385
2.88627787989999327438
5.75696100386306247211
3.64230696125408957821
3.75051996395166519582
4.24464368351455385150
8.83795225151165885161
4.58730857911259333672
5.90891699044757270314
3.45295525600897411918
2.34650804388137566000
3.32567286424867712062
.74953318805774037586
1.47898613921834980799
2.44135208439913475745
3.25467356274020206077
2.63509013128583516388
4.41670691805557775115
2.94392595015567604544
1.38946032688954455084
3.60740904251236804486
1.76419953520002946405
3.51765546920104158173
4.15394992747866425217
3.97246774687976541663
2.88520363232822788570
2.93865615545609554731
1.94465935320302306153
.80510868831481380306
.36124783736376886440
.46925472826600266447
3.93540341007119624618
2.29111326651477447203
5.59301349900033765330
3.47748472318714866845
3.49400915854552390439
2.41008298612309198634
4.64381308840052260775
2.91864694678887120788
3.81986910770513182514
1.12676528168026192517
2.79200644698396067296
2.55925770488241375148
3.56401459031805872880
4.55370179085104342101
1.44516435051519313347
4.25211711974164700335
5.79338415781311709141
5.18426465373827149102
1.72133668990119419925
1.77191986274774853317
3.33205642209131866915
2.64102252924885137186
2.42103283744768732535
.57593402399927719498
3.74822624717345470967
5.22742766568797200415
6.12668752263407016333
2.52713276263832249023
.89297256396823301281
5.32606796802293915299
3.87166630793512472098
3.06742563072032766764
2.61696388970119341232
2.52737017470729839266
1.18143979956661355060
1.78969271105405131221
2.24252090291261276350
2.07019322769639066366
2.05419083826211239384
2.28221383748324512694
2.11463944917331001729
2.33130864537495335047
2.52424246062061161898
3.95323917819299165156
3.80362984529252004868
2.51129448691307407966
4.46651989808620465301
3.91357892471839642596
5.76661078971001822197
4.96831963545019917229
1.61607549328612739779
2.77580618919981515340
.85889463847435908883
2.41369012095587779907
2.44910187619870153902
3.86489327148887773785
4.77272458874383406422
4.04840709415444039284
4.57850412252735664171
4.55462402400022476322
1.57213230995358657185
2.34275478870495535265
4.20183293337562387191
2.96231328525529183266
1.14065770501057853503
.72484481097680488258
7.25844335928854651829
4.47726479002526720113
5.16748488144861435936
2.77436479216414509342
1.29807549857471695520
3.85472437406359833757
3.32213786589298548334
3.44759336349285833231
2.75079988367020257150
1.84916197235396337251
1.37549990912395192349
6.16604411271927246175
3.17883626505046654628
2.60509116922997533698
.41725292090050130648
1.05095194942490115731
1.42762039772482937159
4.94677672833533088294
4.37905240891222949519
6.20529612508540965279
4.86378453470134715012
3.56329903319943104659
5.20009615295717392564
3.76002659565062119255
1.61176921424873976899
2.72545409060582049643
3.45537262824141732246
1.38643427539858520334
1.79580065708864245308
1.20623380818148187070
1.35502767499413088555
1.47505932084102976932
1.62745199621985778557
3.29224847178945471524
4.56429622176300034234
2.13328385359285931103
1.03038827633082083704
2.60384331325830740740
2.94667609349924987645
2.78504937119613734146
3.11310134753110792456
1.35716616521338314713
4.10985401200577926318
5.23184479892131356790
.87321245982864903231
2.55282196794057693254
4.99972999270960631342
4.35458379182213004295
2.00793426187213609186
4.71406406405343625979
1.46512798075799507952
3.29575484525169135038
2.67497663541198056573
3.36823395861985810482
6.42112918418559774111
3.62227828859131142268
1.99100477146590485010
2.85368183230016026255
2.43032919580866657538
2.44985713869196870767
2.96145234640032659769
3.88202266866127405925
2.88445835470023730415
2.07966343430854214747
7.35375414329307041458
6.01189653936259951003
1.36619910701185864887
5.02997017883804158046
7.21369530823141988907
3.49951425200698389726
4.41316213162399008637
.96571217244062943415
1.06023582282433751013
4.03105445262154701149
4.60011956366353590889
3.78097870927621066920
