2.69683147415629217696
2.59711378264411049272
1.92756322853492927903
1.88140904643301851005
2.39718585011675721763
1.75926120857591809745
1.51904575309633119687
2.99873306581296095195
5.68558704093077797637
2.24082574065900983437
3.34774551004104850550
2.95243966915498545975
3.85380331620595292673
3.79216297118148655127
3.83756433170832981151
1.42681463407129378937
2.12087246198351116220
1.41548578233763973048
3.07371111199474958074
4.00361087020204799523
2.07301712486896740541
4.58812597908993776138
5.62496222209536265966
1.84442402933815628599
2.12235718011837017932
4.25621897932895365260
4.39360899489246766996
4.00312378024961901127
3.06703439824205427837
6.70900141600819756452
3.97417916053114042293
3.49090246211491850097
3.24434893314513875209
2.09143491411996849641
3.09738599467357313096
3.76451856151620004201
3.75405114509645432987
1.39441744108426871038
1.28354976529934358443
3.01822795693102014577
4.77198072083280738813
2.70381212365060601671
2.57046688366140986547
2.22227361051694082344
8.54272204862127069310
5.52878829401162728225
2.53641479257632465022
7.00192116493752020307
4.57354348399575184360
3.21331604421351620026
1.09813478225580306039
1.78854689622609560469
1.31901478384436616594
.91350971532874241238
1.29031004026164192287
2.56620342139901294302
1.63798656893150378481
2.59457125552566006222
2.67183457571759109084
2.59697901416241713918
6.06202111510674301115
5.53413046467103086490
2.65936082546163712567
3.83530963547925293191
2.41263341600003542684
4.94462334258131334158
4.87287389535169481590
6.18549917144930187565
5.58420988144249463613
1.55360870234431938830
5.42667485666867644147
3.81453797988694824844
4.40787930869255992608
4.77441095843246405390
4.23618932532529759218
2.17064506541258375303
1.67517163299764600568
.82219219164377862631
3.43885155248085694391
1.51634428808236027199
3.01809542592675488783
2.05263245614016344287
1.95616972678753006000
1.58915071657788330747
2.33711360442747840335
3.50580946430350090696
3.39617431825870799190
1.38650640099496114803
6.19066232320904416489
6.01925244527923085180
4.90168338430788489458
4.96735342008196553890
3.19026644655270134068
.92477024173575135645
2.41408367709157919321
3.60435847273824860329
1.69626059318726142480
1.69955876626846887032
1.37658998979362043013
1.13600176056201603054
3.61865997297342099970
5.39115943002987067106
3.03856874202312559759
.46010868281309362832
2.96104711208720892246
3.42714166617022121605
3.26565460512896250168
4.01812145162388042021
1.60517911773110230677
1.85440017256254589683
2.37739353073907391752
2.34446155865264721981
1.39935699519457864465
1.34703377834410670727
1.94722880011569261916
1.62077142126827989056
4.15297483739066254410
4.68965883620546538366
2.09590076100945199308
4.37668824569445430360
2.63658870512637977507
3.05326055226212229003
2.27440102004901501495
2.70580856676890577103
1.90375943858461276966
2.99694844800507037350
3.85638431694767683199
3.10161248385416452559
1.96471371960395288526
2.28744398838528940273
.74276510418839683128
1.63226836028883436787
1.20008333044001573615
5.56184321965299557651
1.83442088954525373394
2.76963896564155090600
3.98903497101742641516
2.36385278729450493672
4.61963201997734880190
2.07812415413516619854
.69534164264769875782
1.26724109781840645605
3.80351153541040282724
6.19635376653076514770
3.50964385657576372838
3.99206713370404130532
4.20167823613374754572
1.93033675818495462851
1.19544970617755392043
3.49240604741201305806
4.34793054222350704745
2.72961535751834456152
3.07060254673248129904
3.98942351725158405749
1.16516093309036069826
1.07317286585153652029
1.88586850018764563912
2.32109887768703209978
2.80103552280223679422
2.79757037444994402056
3.81850756186235671568
3.27097844688710842627
3.02823380867462081771
2.72444489758923184575
2.03064029310954036333
3.42981049039156097803
2.35476113438284860783
1.98761163208510127696
1.17711511756497291194
3.35347580876916420913
5.18125467430428476520
5.65213234098424132077
6.99563435293755186699
5.63344477207330044488
4.22020141699421735076
3.02378901380370783302
8.40683650370339960734
7.61856285660228703477
2.05740127345153551112
3.60145803807291360199
1.76977399687078688866
4.01853207029631654773
2.41383512278697278881
1.40231950710242920730
2.81827961707137923940
4.09676701802775208780
4.67239767143166014997
4.83633125416363514003
2.12165030106283066508
2.44386988196998737021
6.41075658561452479673
.94957885401898035315
6.39113448458096522317
2.41089195112514322733
2.17660285766604652778
2.15601484224946837447
3.49941423669733617891
7.44267425056343575024
3.06589301835533719915
1.39789126901916087473
