7.64730017718671744307
1.08286656611052499518
3.33989520793691968792
2.37158175064660168252
1.26241831418908051264
.65604877867426900652
2.48195487469051298221
2.10772389083579920406
1.68184422584257190177
1.38884844385555618478
2.10033330688250525586
5.38410623966503840755
4.06539051014782588499
2.87577815556068232681
2.63556445567168779876
1.34171532002880551442
3.02929034593912770420
3.55090129403789538791
1.73879268459468738357
3.12123373043416919946
7.70709413462687634766
7.68936928492838091238
4.82379518636519226750
8.92101451629802023830
3.09239389470358384356
2.29231324212028230389
3.81816709953873024569
4.66992505293179196649
1.81358760472164674529
5.05015841335695132073
2.72022057929131916197
3.76851429611193063336
2.33636469755900908664
2.34806303152193936158
3.95809297515861797371
1.18127050246757622149
2.74756255615773014195
6.06297781622199241244
3.88006443245469829659
2.51115511269216501977
1.98005050440639013514
.58258046654518034913
2.91494425332629646157
2.78951608706599862117
2.02044549542916400840
1.86571702034365329418
2.32099116758336674201
5.26013307816446788420
3.69310167745216568116
2.45483196980974646911
2.05810592535952823343
1.88170135781425209662
2.82605732425936470068
1.61263759102905696838
1.27007873771668187863
1.09498858441538101726
4.08245024464475255654
2.41130669969624560822
3.49463875100131057881
2.32441390462198018576
1.02980580693643401109
2.84971928442083572183
5.47702473976519481633
1.91661159341166461598
6.77428224980329558160
4.18404110878466393683
3.33880218042339249937
2.10838800983120751572
2.11388268359433797600
3.37338109320604333050
2.96548478330272333906
3.65759483814158945999
2.72486696922987416508
2.04638706016237309474
4.62853108448025873253
1.47945936071255434806
2.05411781551107725160
1.80405099706189015481
2.13272126636370370301
1.53850576859497020216
1.58518137763474877379
3.89016709152704647677
3.47611852502183820458
1.03247275993122452934
2.18334605594257549431
.85146931829632005830
2.77744486893979589572
2.58882212598702887399
1.79496518072078490109
1.65595893668895062972
2.35690474987853507868
2.02992610702951451054
2.10698837206093759685
.84899941107164497255
2.59239271716304588140
2.50744890276950608890
1.17652029306765465582
2.34795655837155556177
3.49440982141476931832
1.78513304826278985114
2.59888437603522484987
1.57489682201723932490
1.77822945651004218201
1.64295465549113679730
.64327288144301559698
1.48327340702919635402
4.42156081039263780925
.84124907132192425380
2.58803013892806124716
3.92404128418649540588
4.65070962327256032696
3.18838517121128262218
3.04622717471957432474
2.53177803134477016103
1.43600139275698475904
4.64690219393522419766
4.30196466745137273448
2.67187200292229567723
3.24182047621394359037
4.99241424563306845790
2.59907675915891333645
4.29139837349086014680
3.09711155756456406014
1.43066418142064352166
4.35280369417229749713
2.91955476057566010504
2.55227349631656834317
2.59632432488701226203
2.91816723304199959965
1.92137971260237886378
1.02737529656888285528
1.43286426433211041959
1.52983659258105079488
1.59956244016918576806
2.55636460623284330434
4.37690529940961825238
5.12596332409821285876
3.48704746167871939391
2.13222888077241839051
2.50890414324660877427
2.17062203066310003763
2.13616478765099018753
2.46890664060024756538
3.73596038522894404633
3.75341178129978166135
3.43722271608925568615
7.20346444427957178766
3.53411940941445836710
1.88154192087234665471
3.44593963963386915272
2.95332016550864325689
3.30402784491898615112
4.15118055497469297923
4.09471610737545515617
3.08766902371351971951
1.57270467666374032436
1.14078920050989262509
1.62745199621985778557
2.33651449813605907357
1.88438318820774879041
2.11931592736901781630
2.29416651531661929624
3.73701752738731478377
5.64157779349004457207
3.46561682821399053755
2.62207932755666261516
3.64195002711459510218
2.50892407218711981491
3.17365719635880018590
3.47892224690348605669
5.87195027226900142794
5.82993138896162310573
6.01026621706559683735
3.78556468707113760766
2.71083013115908832300
4.85044327871175089777
6.36744061613455489005
5.40633887210189590794
4.07019655545036301383
7.02264907282145204018
1.53873324523778324713
4.49271632756843440570
4.18785147778667050474
1.69696788419816596127
2.01707709322177371258
5.59125209590839321869
4.58201920554682965636
4.93180494342588532995
4.51805267786908389871
3.23956787241755439656
3.98750548588964326204
4.76077724746705619272
3.40737435571731683478
3.36431270841460277000
6.07958880188454850733
4.33473182561505181749
1.58830097903388575604
1.73141560579775299656
2.71101457023011958581
12.82585279815732174926
