4.01817122581902923068
3.17759342899622701243
2.38010503969887849989
3.84689485169532545152
2.40692750202410541985
1.99394082158924666517
3.44229574557445601244
.85778785256029360490
3.28196587428937170537
2.09248655909661699312
2.29932598819741086316
4.31645688035916791086
1.42842570685352761191
.97462813421324956127
3.20020311855357081176
2.85746391053325466142
1.51822264506889765993
1.36736973785439613260
2.28486323441907568368
3.00434685081466583982
4.75459777478600181115
2.71252649756642930383
3.78823177749197389312
4.82606464938048669733
9.72766158950854951049
3.19369691736708165674
1.92668108414444137864
7.00649698494190461890
3.26620574979593102791
5.41812698263892667139
3.02294558336732221105
2.37455258943658689397
5.44291282311227174775
3.15334742773453366267
5.12542681149579971250
4.86625112381184043636
4.28323475891761039019
5.13638004824409386304
2.87128890918346982006
.94323910012255111136
1.54379402771224633339
1.87800425984607393807
2.36249867724830694771
2.78926513619627060364
2.87506521665161536557
2.90621747293625636545
3.08604925430557572622
2.23503914954526020266
4.73609543822757017718
3.53154357186768969928
2.73559865477375902294
4.15874981214306759360
3.05916655316443991746
4.17245730954793592601
2.90329123582185602270
4.22015402562513113779
5.22996175894241123465
3.43757181743160094810
1.51172087370651861353
.84599054368237473816
1.42583308981100589409
3.03122087614875072798
2.10803225781770237122
.55910642993977452557
2.41952474672196729734
3.33971555675030504535
4.13480350198168425610
.37735924528226415245
3.20621271908150224030
4.47022370804862516558
3.35597973772190704506
6.75959318302514415452
5.79165779375819130414
3.41253571409882829961
1.76886969559659764102
2.74585141622776085709
4.82149354453575930534
3.84630991991025080994
4.55720308961538381865
.74135011971402554026
.54890800686453827679
3.90467668315828679444
2.94523343726774907060
2.42911506520378733581
1.28132743668431606717
3.29795391113945071759
4.48100435170509514201
4.08281765451262836580
4.59653130088330846340
3.13044725239062285657
1.72481883106603401902
1.82002747232012956777
1.65087855398269681441
3.06382114360482864006
2.64622372447984828356
2.78610839702980687886
2.54982352330509336369
2.28024121531034518751
2.93388820509575654144
1.21437226582296418978
3.58994428926132501341
2.52134884536035592188
1.24587318776832178843
2.01221271241387400196
3.72143789414790583577
4.74874720321054782508
2.69447583028684820303
1.44858551697854552310
1.49699699398495787360
2.68518155810738429106
2.43595976978274417478
4.01584362245344409028
1.37193294296769475889
4.27039810790516344805
6.60037877700969522169
4.14190777299543452787
2.98142583338911853603
3.08126597358942708978
4.09493589693416324179
5.43009208025057343041
3.67262848652024698636
3.90007692231832781321
5.93269753147756556011
2.90891732436657608077
6.26285877215828650207
2.39428486191597511006
2.85022806105055389828
5.23588578943429590159
2.56875456203974458265
2.28753142054923477284
.69584481028459212041
1.98325490040992965650
3.39795526751015367159
3.57930160785592361625
4.01259267805741777860
3.27398839338199242798
1.92148380164913177963
1.31396346981185135229
5.26772246801214841677
2.90017240866814674963
3.09033978714315491045
3.87337062517905714547
5.40824370752650162041
4.29405402853760096934
2.88072907438377481308
4.47129735088150897627
3.95215131289276423118
2.57093368253636600878
3.97927129007309578282
2.32725159791544670023
4.48452896077168844946
3.84335790683095242747
3.25762183195041839712
3.21404729274477229183
1.64295465549113679730
1.07814655775548437262
.57288742349610014806
2.16561769479287363898
.48692915295759402702
1.77637270863971561974
3.99813706618469997646
3.30213567256101698774
3.97201460218866768455
6.51878056081043427540
4.06617756621621235366
4.94492669308656182428
2.47985886695190780971
1.46598090028485705370
3.34055384629555103359
5.47621219457391004411
3.96102259523976964652
4.37664254880382023642
4.56127175248307256565
5.25925850286901185706
2.81808445579617077593
5.20385434077473002438
2.76204634284075689909
3.67197494544829376889
3.27533204423612599320
2.53302191068296920091
3.13255486783551805675
5.09831344662134322955
.86029064856012470781
2.46615084696780054853
1.68356764045879665392
.98249681933327397413
1.01360741907308472502
1.57692739211417086728
2.44948974278317809819
5.11174138625967657628
4.57136741030514850915
6.88771369904411749860
5.18313611629098546482
1.61799258341934311846
2.88378223865811338067
2.48666443252804016133
4.65472877835003400534
4.44758361360413324382
3.59044565478994543157
1.81758080975784952855
