2.31631172340857438401
3.85882106348558225032
3.07884718685419656863
3.65685657361619803520
3.89693469280664235254
2.90601101167906794977
3.83930983381128020156
4.20544884643720283119
5.99754949958731061743
2.18547477679336303979
3.93935273871228749095
3.45084047733302212695
1.76008522520927946115
1.86791327421805105603
5.47228471481519316607
4.72167343216364339870
3.91982142450392757684
4.81768616661567111671
4.80261387163282157611
3.08235299730579203497
2.61369470290621356648
1.26546434165487254949
2.86674030913161019793
2.70564225277474553265
2.05421517860228070119
2.82148896861214043627
1.95900484940696356613
4.23193809028440301449
3.70467272508652240327
3.93162816146186438926
3.22857553729194943858
4.68710998377465002280
4.01195712838509778610
1.06249705881945856801
3.29843902475095028093
3.22556971711975247456
2.05431253707901028328
5.48512534040927819525
3.54148274032219448285
3.70124303444126727342
4.05272747665075550414
5.25771813622601872546
3.23290890685153700944
.65345237010818164144
4.58905218972284079644
1.67874953462391166793
4.16935246771006396764
1.38047093413805710594
2.25878285808972793346
3.18226334548226853688
3.38309030325825030289
4.64245624642817716238
4.46257773041546022547
3.50035712463742762031
3.34647575816709002497
4.86629222303798767665
1.55711271268331760415
3.33127603179322262538
2.80907458071159086126
2.64866003858554863801
2.29034931833552411935
4.88275536966577919097
2.73841194855704644765
6.27231217335361904418
2.49821936586841788896
4.97816231153625604642
1.09151271179038496802
2.42713823256937716592
4.45458191079701664969
1.46249786324630231919
2.66144697486160711974
1.03971149844560245682
1.61755989069956850237
1.19214093126609825333
3.00376430500130951935
3.52400340521969416555
2.37825566329610576626
3.60137473751344015838
3.69981080597373248982
2.42367489569042654636
4.98222841708406620902
2.54892134048895278968
1.75866426585633450176
3.67100803594870927926
3.74525032541217463546
4.26391838571049574914
1.92758916784671727932
.67542579163073125867
2.00489401216124140530
1.90299763531119502019
4.39165117011813678498
3.04936058871364047148
2.76438058161317578012
2.84049291497092102850
1.60006249877934455638
1.06573918009989667452
1.75234129095904146020
3.19228758103025548828
3.20844198950206983479
3.78697768675760750117
2.53495562091331295164
3.46607847574171349718
3.01051490612486421550
4.22722130956021747768
.60819404798139877883
4.08458076184080365650
1.27957024035415890880
4.55083508820084580309
1.03677384226262190164
4.66258511986644593417
4.82010373332358896028
3.51341714005040967039
2.55980468004885091467
2.81717944050427856305
3.67952442579200715923
1.85283566459629657032
2.20086346691474707662
3.51012820278690105851
4.09254199734101690256
4.17124681600118215780
6.12918428504152581741
3.36621449108638946219
8.43784332634826776800
3.23807041307010493489
5.24913326178713050969
.79787217021274780141
4.09751143988640988394
2.75396078403451489670
1.62594587855807795949
3.07304409340315193597
3.61335024596287925363
5.09031433214099264626
2.33418079848155721221
4.92775811094659961902
2.21022623276441997803
4.88401474199249320816
2.34320293615384495574
1.56198591542945738560
4.21866092498555754691
2.19116407418522632184
.97601229500452503264
2.98385656491728837927
3.60945979337628860087
2.56610599936947265615
2.96236392092531399706
4.50105543178486083394
4.01321566826404184963
4.18614381023872613921
2.52384627107119977217
5.57333831738214148043
2.88918673678251541290
3.38719648086732636177
2.57608229682205611014
4.17638599748634345504
3.10143515166769205172
4.04535536139904524951
2.16448608219133624439
4.03554209493594552939
4.45113468679616568620
3.07917196661699945400
1.15589791936831515347
2.77926249210109695244
2.85357670301675963202
4.55254873669684067886
2.77807487300108598062
2.02800394476933895336
4.24904695196464027023
5.56656087723829712182
2.30501626892306337144
3.70498313086578033882
4.55654474355294792819
3.80458933394919772910
6.59110005992929832717
4.53661768281172223356
5.63419027012755400786
6.77585418969446242613
3.27025992850721271225
4.40883204488444989346
4.86687784929928151982
3.26072077921431352968
3.42976675591795892023
2.91689903836248675876
1.79111696993803282987
1.80823117991035648439
2.65567317266263018594
1.59853057524715491442
3.82557185267771437789
1.99614628722446091170
2.03582906944566443873
2.71199188789347229492
1.92046869279350659244
4.58302301979817683743
1.87427319246688261435
2.47640869001867298810
4.48852982612347135553
5.17184686548238781087
5.97181714388510057299
2.94830459756111359627
1.77386583483644557170
1.93300284531606419464
