4.34545739824934884840
2.31095218470655510877
2.42423183709809404854
2.95631527412081000464
2.59125452242731261962
.50169711978443727158
1.50396143567579551151
1.89847307065441410226
2.26916284122581207052
2.10183253376666524563
5.02811097729554891335
2.06431586730325744497
3.82604234163711261978
2.98993310961967843151
1.12004464196745300978
2.61499521988090831003
1.96211620450981444923
1.44616734854580367129
1.43422452914458271720
2.19082176363117225629
3.29110923550100354307
3.55703528236648223438
3.72362726383831280487
3.83843718197914501183
1.86271307506013926084
.61204574992397422904
1.41640389719881807447
3.60469138762252433686
2.62642342359338548448
2.65094322836231255267
1.73533858367754850078
2.73020145776827245470
3.28231625532945865158
1.97002538054716442274
3.92670345200653012082
6.43585270185699635392
3.28106689965322103000
5.09322098479930477873
2.28538836962123354549
2.39906231682297073256
3.47429129463837559781
2.00873094266006665704
2.49641743304279943493
1.65196852270253624224
3.39826426282595038562
1.60763801895824795152
1.39122248400462533640
1.41710973463595965801
1.43687160177936567082
3.74702548696963095530
3.24087951025643654674
3.81262376848280166098
2.70305382854282056563
1.23761868117768810608
1.79888854574150868931
3.28488964807038837610
4.47938611865509981959
2.61554965542617829307
2.02869416127715022316
3.20440322057009548250
3.29277998050279697092
3.76236627669343219675
7.89157145313910212966
1.57356283636847499106
3.27374403397699985789
5.23952287904156402873
3.12884962885722585822
8.05110551415145720048
3.08825193272828698475
.87743945660085288872
5.54628704630404069027
1.85445409757157375696
.51778373863998471461
4.85593451356173047804
4.15593551441790299586
2.11409555129374414943
1.66183633369835791420
1.52046045657228455261
2.87796803317896496749
3.01405043089859397262
2.43799097619330822657
2.49937992310092784741
1.96117311831464791776
2.76477847213840986244
1.10227038425243014418
2.24857732800097404166
5.39731414686971875541
3.89482990642723703526
5.14584298244709367268
5.61956404003015166279
2.48141088899037436298
2.74153241819242400145
1.73187759382700023428
4.08650217178456911192
4.48491917429957705140
2.50716971902581816420
2.59241200429252757308
1.54793410712471866510
2.70477355798965174666
1.10900856624284016393
1.59643352508020201623
4.45189847143889839180
3.21112129948402914578
3.53363835161438103836
2.69098494979068955773
4.42575417301955441538
5.30306515140065010308
3.07255593927921839552
2.57007781983347733804
1.99922484978553625420
5.02395262716518854716
2.77247182131757652964
2.26331615113752943854
2.20492630262328722577
1.50894002531578437814
2.66932575756500727623
5.07632741260844994365
3.93809598664126011929
2.15394986014066724839
2.40328941245119290356
3.96687534465100125611
1.26732000694378686984
1.30793730736606790927
3.22801796773190220109
5.54359089399641755346
2.33199485419672399413
9.42004777057951017692
4.32634950044491897843
4.05029628545863296329
4.67316809027879929094
2.76862781897459088577
1.68121979526770978357
.82492423894561372016
3.35775222433103303573
3.46101141286763167472
2.14834820268968503168
3.01486318097521632790
3.63551922013898862017
2.18840124291684681907
3.66749233128032593572
1.29007751705081660182
1.71819672913202811742
.97298509752205352058
3.16012657974328616924
3.63297398834618687942
3.04161141502329320805
3.36056542861465501924
1.34033577882558965881
1.55881365146703792908
2.64796148008236705920
1.18245507314231605016
1.99674735507524837186
.85375640553965977257
1.19524056156072615104
1.13234270430819661814
1.05877287460531401734
1.63746755693051824201
1.30587135660447043898
1.34182711255958753637
3.89683204667586360168
2.72416959824457331821
3.26259099489960586141
4.22580169908622191135
3.81531125860001099858
4.45943942665443096833
3.01609018432804823847
3.17252265555346349838
4.48455125960223583215
3.61117709341427895583
.97298509752205352058
5.38807943519766605157
3.02631789473610984032
3.26926597266114156091
8.70093098467054845998
2.27176143113664116101
4.19506853340919807195
3.87686729202844909554
3.56363578385895098195
6.93153662617460314029
8.26586958522816279256
6.14547801232743814622
5.59650783971576332142
2.08355465491068892190
6.34938579706730373758
3.19951558833520922103
1.45523194027618841293
2.45479123348605756747
6.94622919287868012973
2.74484972266242655953
5.38588897026294072489
5.64033686937225408130
3.65301245549477972211
4.07659171367454947879
3.92521336999659166299
3.15673882353291939234
4.56317871664040789407
2.17370651192841578605
5.32817041769498960533
5.06149187493173794979
8.44817731821485858661
