2.59518785447219600692
2.42958844251449302946
2.97796910662283399047
1.58142340946376533648
1.56374550359065781072
1.48371156226538856206
.69498201415576216334
2.09795138170549605327
2.10111874961887863307
1.23955637225581636715
3.14504371988689530840
1.28883668476653782746
.82975900115635985790
1.88023934646629496598
1.79763733828600700880
1.16365802536655931405
2.83289604468642654074
3.81495740474254836731
2.70264685077425533776
.90691785736085271991
2.98238159865567840114
3.04540637682395352273
4.13101682397929723076
2.67695722789886951155
3.05237612361255374828
4.19969046478427978917
6.78200560306462737148
9.69685516030841826041
4.87381780537598676453
3.86182599297275433313
3.53276095992921660909
1.74771279105006266472
1.28156154748806348539
2.89368277459710500312
7.55416441441407866316
7.40139176101360006911
1.65556636834649428680
1.60751360802949347847
2.13742836137260983991
2.19715725427198314589
2.76732723037952271727
4.08221753462502289516
5.41053601780821712330
1.20656537328070210122
3.22685605504800911006
2.81803122764812526482
1.72264331769522154902
1.09407495172862814243
3.23918199550442055737
3.28872315648489938381
4.51766532624983188893
3.86766079174479829408
2.37987394624169117987
1.29410200525306350365
1.15091268130992457146
1.20024997396375726811
1.14481439543709442298
1.36502747225101663885
1.56064089399195226906
7.60184188207042359553
3.68913268940004379452
2.03457612293076908604
4.23127640316725232012
11.23310286608290612425
6.02898001323606976841
2.30293291261382601310
3.13958595996351085733
3.86317227159235030663
3.72565430495101088357
2.55974608115726978643
3.50319853847879994801
1.86882315910307575575
1.27389167514353432954
2.53789282673638525732
2.17903648432053564824
1.77749824191192943075
1.82170250040998736067
1.43572281447360165573
.84734880657259440079
2.15095327703788117406
3.00482944607510128147
2.39334493961902616508
1.83158401390708801960
2.39949994790581314569
.77064907707723883317
1.15529217083818238779
2.05165786621454016737
2.61881652660128139798
2.97523108346225772621
3.34228963436743465001
1.62129577807382203766
3.61217386071047250193
4.01606772851255584997
1.92587642386524894080
.84344531535838172559
2.18387270691311127068
1.02308357429879598277
.51097945164164869771
2.17052988922060227868
2.54438597700899145636
2.10090456708533050873
1.81162910111313899703
1.35517526541772448334
1.34925905592662226904
2.37749868559374812538
1.67693172192549330401
2.67656496278345540177
2.37168716318151876107
1.27393092434401638557
2.37598400668017965511
2.40804900282365516482
1.93051806518354031174
1.53590364281096748754
1.73037568175237599182
.55865910893853686452
.82316462509026710482
.92059763197609844818
2.39020919586549997023
2.81811994066966567781
3.45360681027820536697
3.24693701817574527464
1.19469661420797539648
1.42614865985282193511
1.14131503100590066661
1.77276620003879812239
2.23056046768519593074
2.18881246341480795214
4.57503005454609008298
3.81362032719566880588
3.51633331753404742556
1.99446734743890956486
1.61551849262086752505
1.42807562824942853234
3.33163623464507301243
3.17660195806777151208
4.56207189772366476674
3.93774046884758518616
1.74679706892357705261
1.76286698307047545656
2.12569988474384596039
2.61574081284824548267
2.18261311276185638149
.94731198662320324299
1.82397916654768839495
3.46855877851305844062
2.73737100152682993968
1.88002659555656286465
2.44726377818166548370
1.10040901486674490075
1.38639821119330646660
1.85126983446498149868
.48836461788299119162
2.11778185845473707042
1.79880515898748744943
.50467811523782166078
.66437940967492362526
1.25558751188437677930
.88684835231284046176
.67720011813348054081
2.09325105995434766434
1.97557586541241184499
1.07191417566892919601
2.22622999710272523315
2.35603480449674172465
2.65264019422159853541
4.32614146786718013817
4.14799951783989483144
3.55112658180470947852
1.02645019362850723756
1.56352166598355777309
8.89089421824374198869
7.09873932469702679390
5.75226042525892598342
4.47984374727512120178
1.91846292640749250419
.74712783377411391953
6.30350696041497204913
2.17453443293041464774
4.86958930506464785175
6.93142121068976733701
8.16774754751883843997
7.54534293455241171386
6.10148342618416033995
7.06317917088332115035
6.54000764525547018874
9.52989506762797467477
9.44380220038518172266
7.83168564231226022464
5.05642165963243219710
6.13339220986233685681
4.32884511157421755123
4.01081039192829458291
5.49615320019375005776
4.97827279284693277042
2.25126631032403627536
1.70155810949846787769
2.33276659784042689811
4.14722798987468254668
3.89898704793950296600
5.11977538569808743909
