2.92788319439147025546
8.20085971103030148646
4.33406275912105361381
1.36422138965785168486
3.34666998671814069262
3.07902581996319089003
2.62925845059020396029
2.76159374275073269691
4.16386839369353747589
2.29545202520113671836
2.61392425291935343793
2.25577037838517597642
4.79526850134588396856
4.05899002216068523313
3.48888234252747480065
4.09235873305359191845
4.08845936753687207290
4.84980411975576597101
3.16562789980123848415
1.90234066349852281130
3.13773803877889079588
3.31350267843561581147
3.30013636081904954971
3.39484903935359105092
2.21894118894575482166
4.73153252128736826248
2.48517605010188362711
1.60853971042060382202
3.20484008961445687916
3.54165215683302247134
3.92536622495277502737
2.79948209495970879302
1.21659360511224125043
2.79059133518327975188
2.32493010647632158017
3.78910279617748032402
3.40642040858141877120
4.83840882935702323645
1.92283644650292605171
4.60122809693238311643
3.07042342356880804199
4.58511722859950441202
.88487287222515755006
1.71446784746754583166
2.30239006252198717224
2.64471170451525774616
1.46785557872700814285
2.11577409002000967409
3.63760910489293777828
2.14955809412074276229
2.27158534948612485543
3.61209080727492231743
2.64410665442980949357
1.51967101702967277456
.90862533532804377774
1.54870913989683679402
3.30802055616345890928
2.52366796548198867848
3.82823719223352199018
1.09849897587571741895
1.73582833252600183499
3.47903722314090798806
1.76329237507567076758
3.47360043758633816763
3.10119331870813883965
2.65205580635099004320
5.16609136582000454267
4.30001162789125490057
2.73005494450203327771
4.09445967131195468562
3.42445616120282666993
4.68296914360963945909
3.16573846045436924688
4.77950834291561834490
4.75021052165059311911
3.09623965480710165262
3.65506497890256391540
3.43584050852189586905
4.58022925190431925392
3.77186956296211282439
3.69096193423882387240
5.48791399349516045237
5.31716089656876943372
1.56658865053976437902
5.91269819963779311447
6.65105254828136206028
3.55039434429472918514
2.45639980459207820708
2.88060757480084398947
1.32404682696647855378
4.41458944863505965409
2.41010373220739193975
2.72178250416891319982
2.64918855501076027127
5.81957043088233446289
7.00036427623591599620
4.38883811503682600799
1.53274263984531989009
1.72333978077452851445
2.46880537912570175929
5.11305192619828573553
1.43965273590543355032
3.51559383319518297279
2.35053185470863168219
5.51763536308806836326
1.64553942523416922233
4.57856964564262143320
5.28414609941852383677
3.20837965334528326297
3.94410953194761060504
4.60783029201380202046
1.54058430473635554301
2.78053951599325414082
1.50166574176812064610
3.87015503565425657742
2.35467619854620350727
2.40674053441578949112
3.07384124508732558583
1.50432709209134434175
1.67430582630533780269
2.01360373460122485937
1.05933941680653042714
3.48112050926134988924
7.10355544780217788650
4.11487545376527769337
4.01204436665398803762
2.56850150866220049413
2.92837839085047204218
3.04850783171045830921
4.40995464829288238792
3.00029998500149981252
3.03779525314001371391
3.66776498701866120532
2.47802340586201889087
2.17667177130590821653
1.07656862298694178503
6.29737246794248307308
4.03131492195784674596
2.71578717870160068991
5.29975471130504303078
1.68169557292632485540
.69209825891993110836
3.06661050673214774988
2.04533615819013965819
4.43291100745322880884
4.92475380095289636601
6.87176105521721411375
4.91216856388296186490
1.93375282805223067112
4.84129115009622200680
6.56503617659491652553
3.74867976759818736053
1.33794618725866549703
5.78076984492550092391
5.59480115821822572125
1.41523849580203265469
3.36044639891785805582
2.40871334948764710830
2.39267632579084963035
1.83706287317554812098
3.20767828810808269934
1.92223827867410860172
2.26196816953731689774
1.87547327360322573059
5.71760439345010997587
4.10178010137062320797
3.59836073789163056447
2.75154502052937523801
3.36668976889763337160
3.65284820379933116103
3.12144197447269552795
4.75976890195311898401
1.25888839854849722894
1.24635468467045928619
3.52540777783223255882
4.72171578983741883583
1.03179455319360937204
2.63336286903267472953
3.51096852734398631777
3.62383774471208906525
1.51584959676083959434
1.00264649802410420626
3.18391268724505069459
1.74074696610391942397
3.44072666743523816342
3.93334463275213147194
3.11988781849604329647
2.73579970027047118981
3.98968670449197050733
3.14974602150713097777
2.23606797749978969640
3.77053046665850453780
1.15952576512986549504
1.90018420159730830238
4.37763634853330410803
5.15652984089106188506
2.85942301872248346073
3.48627308167332181522
3.99442110949759527229
4.12248711338192056694
