3.54347287276197445422
5.15982557844739554138
3.29414632340459339225
1.93207142725107344826
2.08386659841747067626
1.18894911581614795362
1.65287628091155086307
1.66643331699771293308
.60671245248470053138
1.11588529876506572784
1.78451674130561184825
2.06753476391571225256
1.68371612809285639389
1.82655413278665245257
2.25964598997276562334
2.39077393326930850574
3.22232835074267377181
3.00139967348568890990
2.11579772190065466097
1.52266214243344212724
1.89343603007865042580
3.30142393521341030456
5.59233403866399954876
11.85375467942541824223
4.24219282918633956808
3.74610464349302447512
7.73204371430994950243
4.29933715821404264986
6.10278624891942287007
5.56803376426544310157
2.89188519827464796960
8.45405228278131717398
3.44457544553751935961
2.25088871337523037480
7.86816369936467450464
4.21344277284028149881
2.16621790224344697617
1.38365458117262778063
2.63852231372031417201
.94392796335313639229
1.74473493688869542279
2.11009478460091929586
2.97941269380393155362
2.35881326094288354117
4.45830685350391735460
1.99125588511371385726
2.23841461753625974662
3.02879513998553556844
4.08476437508946163204
4.09887789522937606622
3.10963020309489533360
1.22286548728795187958
1.00677703589225752661
1.32732814330142190351
1.21536002896261155590
1.62966254175519417563
1.19243448457347123134
2.55284155403346566568
4.36609665490813430297
4.47810227663460138617
6.53290899982542233482
6.35393578815524386158
4.75758342018298193076
7.80989116441452082800
3.32174652855993815065
3.98922298198533895892
7.49627907698212633719
3.02777145768963216177
1.04120122935002338576
1.52446712001276039328
1.01098961418997772016
.80610173055266417781
1.95460993551143088422
2.01052232019443146494
1.61582796113942773917
1.79824914847748502972
1.08784190027779312413
1.74805606317417634475
2.72376577553944604959
2.96381510894320126785
1.93064755975812426374
1.77386583483644557170
1.05342299196476625981
1.96700279613426071001
2.42311782627258965902
1.30881625906771191822
3.44074119921856372100
4.47381269165350730153
5.45729786616050489518
4.18818576474348854783
4.19935709365136034271
4.07976715021825724783
1.05085679328821964845
.95671312314611844671
.67327557508051634354
1.33289159349138367952
2.20880057950010507506
2.30568861731153975005
2.13450228390601634418
1.40406552553646868607
2.82662342734224149782
1.79134028034876723697
.89067390216621930613
2.40717676957883589492
1.19306328415553883392
4.02317039161902761187
2.86221941856315411310
1.10611934256661473499
3.35098492983779322755
3.16172421314699742424
3.06155189405634605846
2.46728595829506556205
1.38488266651005492321
1.74037352312657296412
1.17409539646486988514
.99569071503153026037
1.73487751729048584151
2.30132570489272552252
2.51312554401884188878
2.90532270152559817153
2.66146576156823779644
2.19658826364887964635
1.93380454027804992119
1.44454144973413622015
3.43953485227290581091
2.18316284321623612594
4.72763154232645334227
5.65954945203237887566
2.35051058283088783033
1.92922264137657268994
2.73731620387561363663
2.43133708070271490276
2.13752192971206730494
1.38397976863825578106
1.51373709738514369277
3.12208263824005786036
3.45881482591942178115
1.33936552143169640426
1.25805405289279999203
2.54066920318250010467
2.86867565263136710716
2.55687309031950195461
1.81670030549895598348
2.43831909314593195636
2.70297983714270425188
3.85880810613847446343
1.35000000000000000000
1.31605471010896807625
.90011110425324717243
1.45003448234860952909
2.48042335096249245095
2.85765638242249132733
2.52936750987277449847
2.80451421818467520494
2.91154598108977148951
3.14664901124990424312
2.82667649369360978524
2.65122613143428412459
3.72749245472073356952
3.58577746102571178510
2.69957404047379296916
1.34439577506030566965
1.52335156808925758889
1.67334993351659711953
2.84411673459441534224
3.49559723080334299546
1.83021856618273873306
1.87098904326027521501
2.58338924670673660369
3.16215116653204927074
4.40182916524483035280
10.64098209753216340782
6.81333985648741875527
4.44173389567632698362
3.21726592000101850455
5.40231431888223253166
6.14638918390301737977
3.89474004267293813951
6.99929282142131841813
8.46221602182312526197
3.17556294221985151317
6.07724444135662524034
6.54087150156613304492
3.36965873643014479075
2.77064974329127354603
5.76678419918762002567
2.81604332353037494954
3.40530468534021196180
4.76448318288563172046
5.49491583193045824109
2.80251672608746440644
3.44546078195645698166
4.41946829381091951283
2.59559241792697491305
5.78716683706284728360
1.38452157801891986258
4.23977593747594166422
2.86337213788218593122
3.08355314531791392635
3.13823198632605871921
