3.99801200598497452786
.84864598037108500759
.65283994975797858260
1.25514939349863847193
1.95135850114734171057
2.24951105798571259212
3.39355271065589903561
3.70333633363214797274
2.54947053326764300533
2.64440919677723099541
1.60527256252637670253
2.79374300893979867154
3.85109075457849993265
3.04949176093328706012
2.94102023114428779340
2.11274702697696394131
2.40933600811509891815
2.55254774685998772993
2.78129466256274255986
3.43145741631744572054
3.93743571376092437657
1.54220621189256010595
5.41866219652046588066
5.60822610100555771093
6.13060355919382541181
3.68158933071031158430
4.85890934264058892617
5.35643538185610897788
3.00108313780208361624
4.38750498575215296586
3.12537997689880901943
2.27114508563411685885
1.62990797286227175507
3.61055397411532957684
2.68585182018666100499
6.08810315287117979364
3.72287523293488845869
2.71359540093949893914
3.80641563679007602933
3.81491808562123650744
3.83532267221416456403
4.28477537334222457603
4.39306271296005971324
3.45498191022760638708
3.58453623220633661933
5.26380090808913478609
3.63078503907901438295
4.12754164121938326447
3.42283508220889894512
2.27708146538502218778
2.07754663004227175878
1.23409886151799038113
1.52584402872639639923
1.83850482729853064696
.99869915389971168233
1.74954279741879992685
1.18549567692168325342
2.09160225664441278351
2.95631527412081000464
3.93002544521024698161
6.66471304708612342218
4.61533314073859678084
7.35187731127227122472
4.81315904578271753581
14.39641969379887174175
5.69607759778604139760
4.52463258176838045011
3.44839092911462113421
5.27710147713685718166
5.76697494359044358766
2.95413269844128701421
2.66732075311538038503
1.20000000000000000000
.57148928248918194388
4.25471503158554674077
2.01747366773398061122
.99569071503153026037
1.07494185889284263186
1.55839661190596792185
1.68611980594499867822
2.23441267450755389775
1.17494680730661164684
1.33367912182803551601
2.59632432488701226203
7.53963526969309039931
6.70449103213659314086
3.25716134079968473397
2.72259067801239633936
2.63493832944909737217
3.69281735264553803249
2.58538198338272636768
1.15212846505934397905
.95848839325262567312
1.52908469353401088840
1.00199800399002791626
.50576674465607166884
1.03759336929261455260
.65383484153110103283
1.31365901207276768714
2.99297510848319618964
2.00184914516553919075
1.05000000000000000000
2.33473767263048205605
3.05946073679660089211
5.09201335426371402598
4.99842975343257174797
1.89433365593287182139
1.21338369858837315764
1.29930750786717152718
.85516080359193264418
2.03064029310954036333
.45188494110780013909
.44553338819890928573
.98229323524088263976
1.64638999025139848546
1.83904866711025350178
1.28113231166808059708
2.72349040754690377154
1.99827425545143827737
1.54560667700421118490
2.01794449874123148540
2.72499541284017577334
2.91058413381231775036
3.59257567769977533148
1.74682569250626720909
1.81576430188502163977
1.08632407687577283117
1.92777073325642123671
2.80916357658289454050
2.53996062961613639260
1.84165686271900282026
3.90436934728260563932
3.65926222072154867320
3.24770688332552573047
2.08091326104669725611
1.94815297140650636331
.42720018726587655839
1.23328828746566793947
1.24454811076149241808
1.68008928334181097472
1.19473846510439262746
1.48101316672067436417
1.26759615019926594915
1.64213275955386749601
1.09859000541603326567
1.55106415083322714257
1.17260393995585738864
.77884529914483017312
.72173402303064527207
1.20871832947134544560
1.30403220819119341259
.74973328590906246357
2.31088727548532751879
2.24601869983310691045
1.38383525030980476176
1.36784502046101699437
1.21696343412610388915
1.90947636801296915134
1.21082616423663392854
1.38711931714614947179
1.58249802527522921392
1.68905298910365745813
2.61068956408072386502
3.69434703296807242431
3.09017798840131537171
3.39767567610565208284
2.40844348075681443839
1.44156165320807559278
3.41921043517359428405
3.40954542424646397318
4.54345683373353950036
3.39375897788867735026
2.46900789792175431996
5.65064598077069414985
4.24902341721012406095
2.63493832944909737217
9.73729942027048894014
5.41498845797477208251
6.37593914651010451439
6.57907288301322893925
1.51901283733877640985
4.54898889864550010202
4.80277003405326497421
3.60790798108820951675
4.82847802107454973967
4.88652228072276367472
8.46931520254146639822
3.57745719750774935808
6.30849427359651329976
1.13296072306148371614
1.72551441605105113650
5.82995711819563900984
6.80101463018570487180
2.69519943603437257768
3.24778385980348144225
2.13009389464408352404
5.95864078460851674119
5.57197451537603499114
4.47724245490458110839
7.13203337064542905381
