2.17738375120234604914
1.92023436069663121732
4.10651920730927544994
2.08664802973572905343
2.78470824324560076524
1.35561794027668429938
2.27391732479437343329
3.48754928280590753288
3.86948316962356098060
5.29614010388698082070
3.54815444985135899312
2.37018986581244161727
5.66547438437418054133
4.62263993839018355357
3.02929034593912770420
2.44020490942871434917
3.39901456307559823905
3.17612972027277248611
3.01280600105615827884
2.32808934536456310805
1.82356793128196899644
1.50386169576859693351
3.03749897119324140850
3.50008571323617730628
4.71683156366644069716
2.74483150666848765680
4.45248245364313591923
5.57732014501588388064
5.19727813379272593264
1.96982232701327659613
6.28962638000064356763
5.57498878922639628297
3.14009553994778955037
1.60268524670316972379
1.88743211798464423609
6.51112125520635654518
3.08235299730579203497
4.08187456936148394432
3.06233570987898059353
2.36021185489777590855
1.46618552714177341929
2.73241651290574658611
2.40204079898739438542
2.07070036461096901019
2.76776082781731702143
2.54782259978986763049
2.91777312346248058999
2.29473309994866287499
3.16607011924878252529
2.46296569200628533643
2.69414179285352388447
4.38071911904883488616
3.93408184968233725232
1.15805872044555668118
1.57031843904349540692
1.10927904514599030624
2.51147367097487207561
2.09131537554716983436
.75026661927610773852
1.91272057551540967366
4.08871617992738644920
.87641314458421948065
3.91752472870306206060
5.31677533849230834697
2.79001792108939687362
2.19278361905592499799
1.76669182372025483939
4.39851111172860401130
4.51105309212826711550
5.53618099415111246956
1.79387847971929246844
3.40418859642059197119
2.09174568243847464144
1.68549695935649791963
3.84694684132754816001
2.77618443191370122631
3.84863612205674752069
4.16984412178680847148
2.29839074136666326765
2.30158640941416753057
2.65324329830492552211
.77910204723129819279
1.87771137292183433161
1.93344252565210740478
2.38681796540917631831
1.92590238589602458594
2.65603087331454037072
1.26415980002529743470
1.98065645683445063208
3.71700147968762584403
3.77831973236781537469
2.33987179135951805678
1.55338340405709240344
1.18617030817669685927
1.67038917621014295172
2.48292166610225542975
2.77258002589645733024
3.48749193547454672820
3.27398839338199242798
3.16550154004069314084
3.94840474115813005515
3.13383152067879998851
1.41145315189700858877
2.29272763319152238109
1.52869225156667815171
4.14469540497248120757
2.38803266309319982048
4.27383902364139119899
2.62375684849034743782
1.93994845292342755073
2.50019999200063993600
1.96094365038876117114
1.66117428345131806040
1.40431477952772397644
1.64173688513111016110
5.09329951995756872354
6.21100635968117488772
4.24506772619707446758
3.66533763792641618627
2.12023583593901176189
1.60701586799881973038
1.41184276744969019938
2.75713619540275884427
4.50215503953384528487
3.17067816089870590952
4.90813610243236836831
4.16294367004887540311
2.67757352840216135865
5.86990630248899288169
3.15485340388424387404
4.10743228793853642511
3.79116077211188710621
4.41185901859975575534
4.34158957065266591972
3.80391903173555995709
2.52788449103197751312
1.05664563596316433184
2.80401497856199049227
3.83267530584055606874
3.01240767493378956833
1.69623111632819659225
3.90471509844188248171
3.46550140672313102438
3.34971640590662540343
4.46058292154736206513
4.84592612407576845015
7.18485212095558721110
2.97363414023985136247
2.30419183229174736175
4.76144935917625821387
5.05875478749464590017
.37496666518505348330
.80944425379392248793
2.46150360552244570544
2.55094100284581258286
.95692214939356482637
1.02415819090607286906
1.87192414376224123746
1.95851984927393574782
2.24753197975023260846
3.24493451397713109534
4.92382981021887067416
4.07829621288106045780
2.03100960115899009011
4.96650782743770575042
2.19077611818277770817
1.74476359430153172828
1.44824031155053821751
3.92727640993093329277
4.00806686570970270283
1.27694948999559101589
3.97159917413628234831
5.70354275867201682890
2.43515913237718409275
5.05127706624770286912
2.94294070616449899279
6.03325782641517815650
5.30283886234533813408
7.83552168014357548175
6.33878537260885652081
5.02831979889903183950
3.06584409257874690120
2.04169047605164676685
2.72957872207415919400
3.30293808600766841561
2.63920442557979960659
5.36551954613903163255
4.89634557603933834101
2.43526179290851602684
3.28038107542401238015
4.11764495798265734838
3.83636546747048071173
4.03362120184828461291
2.48020160470877850772
7.19965276940492457246
4.99057110960258735796
9.69182129426662509590
2.73102544843507454270
4.48393800135550491534
5.60041069922554876193
