7.48156400761231207419
6.59486163615280104536
4.76588921398724920045
3.63675679692772417316
2.27712538082557061467
2.56195238050983297350
3.87873690780903571198
2.52398494448758548849
2.64932066764293370617
2.80515596714336010554
3.72296924510530975726
2.21063339339656226048
1.84502032509129828284
1.46205335059976522048
1.66526274203201940249
2.61340773703607145343
3.04817978472399163701
3.71948921224406833202
1.45976025428835402306
1.68597153000873653542
3.75418433218189221082
1.92865237925345167682
1.86217614634061941095
4.10604432513824672666
8.01989401426228325440
1.48114820325313833869
6.92486100943549624396
5.20969288922101434076
6.06291184168135501020
5.09149290483645867173
3.27174265491648960773
8.07922644811989410796
2.78670055800762346637
3.16534358324653281231
2.78912172556165070649
4.63881450372829631213
8.15081591007918666758
6.59245781177248035333
4.95262556630319066158
3.57805813256296885448
3.62834673095061299435
2.86864079312834146972
3.57768081304076090716
1.65290653093270824549
2.16864012689980446188
1.63538986177608426557
2.62354721703269522078
1.35742403102346762601
3.26989296460908640550
4.17206184038539869771
2.51767750119033315398
2.30976189249021943422
2.01072126362656243731
1.38072444752745650802
1.01518471225683850917
1.00463923873199378435
1.34499070628759364673
4.16660533288191335507
1.17766718558343129203
1.88332153388634092790
5.46913155811779682224
2.17128993918361810291
4.73447990807860541711
4.53683810599408539221
1.68410213466998491302
1.75627446602175481266
3.88951153745557103984
4.79818715766694536302
1.76053968998145565806
1.33798355744754950258
2.29346898823594298889
3.54464384670731059329
1.24438739948618894716
2.08384260442097689634
1.45399449792631608843
1.19703801109237963914
.54415071441651163194
.87321245982864903231
1.06911178087232768085
4.05030863021572715311
3.61748531441386780372
2.54527012318928538512
2.04289010962410799958
2.74200656454356432673
2.06448540803755743087
.91219515455849687384
2.69284236449146796320
3.07845740590965461550
4.41624274695130407977
6.78685494172374366358
5.41812698263892667139
3.29684697855390309894
2.62613784862866633183
1.28662348804924278826
.46141087980237310394
1.83333030302779864349
2.98357168507813802117
3.92770925604225445957
2.90165470033910134101
1.29556937290135104520
1.62055546032834062954
2.12172099956615407959
1.95292088933474209996
.98721831425475489909
1.46887712215828319095
1.47759940443951181229
4.28302463219627071058
1.79646875842581799126
1.10417389934738087885
1.80554700852677884521
2.52295461711066059358
1.60667358228110541121
1.12583302491977024079
.59033888572581765850
1.40872282582486750873
1.66102378068467159438
3.39140089048758728428
4.47672871637315097203
3.73053615449575826785
3.08567658707130226039
2.18908656749795986682
2.61705941850772658378
3.62437580832893210613
2.64200681301165459352
4.18738581933883899902
1.14376571027461738642
3.50077134357558405788
5.96979899159092290454
3.92958013024292456659
4.18804250217210665785
3.02656571050423420341
4.64612741969051038207
4.01358941597169353508
5.95364594177383040658
2.60925276659813086802
1.48976508215221637339
2.35308308395602555272
2.79580042206163206666
.65130637951735126544
1.46659469520382487983
3.19477698752197725291
4.37825307628510666018
3.08042204900562286570
2.84075694138023712759
.83120394609265420642
4.16836898558656872655
4.01071066021970724758
2.45928851499778284960
2.68888452708553477592
2.76334941692142870417
3.47443520590037770242
2.02254789807312103616
2.54035430599749215375
2.10092836622289433069
2.82037231584767900125
2.79320604324135028533
1.08263567279117493524
1.29123971438304204599
.85726308680591164247
.86458082328952913226
1.20307938225206070564
1.24695629434234783046
1.02459748194107914272
1.19411054764623865623
1.93437328352104780614
2.93071663591006355074
3.68131769886816478766
3.17266449534141570567
3.05060649707562250186
2.75018181217169713141
3.52683994533349925309
5.18128362474010874331
5.43324948810562167801
6.81332517938194404509
5.50255395248424620115
1.82975408183722874841
1.84401735349752064094
1.09476024772550085501
5.60111596023506729897
4.58149538906239651363
9.17136303937424559739
7.13893549487596925156
3.06546896901599706928
7.18700215667144488439
3.97539935100865055217
8.66672371776093944731
1.84875633873152683776
3.75564907838844815573
3.21040495887979839134
2.93668180094473292937
4.60681017624993964760
5.06252901226254702438
3.00059994001199700083
4.10805306684322178072
3.92522610813695673910
3.53625508129716230740
2.91494425332629646157
3.89966665242043476897
3.33115595552054572370
3.89987179276447496910
