2.03632021057593002518
1.52928087675220734776
1.97000000000000000000
1.89264365372882594303
.83486525858967206157
.63513778032801670205
.91923881554251178172
1.05394497010043176162
1.04278473329829680624
1.51650914932947239373
1.71073083797539582436
2.07668004276055968457
1.99827425545143827737
1.08899035808403739971
2.36932479833390508494
1.36124942607885054711
1.57930364401529828167
1.86182705963792458786
1.54538021211609927874
2.21280365147927212109
2.06855021693939062079
1.68926019310229411443
1.91650723974630474131
3.06726262325220531481
3.61276902112493208861
3.19300798620986853303
6.24715135081582604040
3.70266120513341052830
4.90734143910936769861
4.20441434685022451344
3.72370782956987644487
3.85660472436572114926
15.97502425663260143270
7.37804852247530288631
9.40109036229308881968
2.36300655944921151630
4.21000000000000000000
3.38517355537349074335
2.37739353073907391752
.80585358471623119038
.70413066969135778441
.76393717019137116993
2.99794929910430606668
1.58804911762829300720
.98493654617949881411
1.36930639376291528364
1.71505101964926979253
1.94342481202643906143
.88509886453435245608
.78574805122252769097
1.35535973084639046317
1.52777616161530678597
2.25479489089362627107
2.03511670427029810667
1.49318451639440729903
1.09895404817489980434
1.43352711868314510794
2.02847233158354910798
3.25996932500905597094
4.36345046952523571326
3.58687886608957007861
1.87299225839297050736
4.57896276464441234923
6.07596905851239502508
3.58141033672490536078
2.11158708084701067579
6.64335758483614970313
15.61624154526305987107
2.13468967299699091414
1.41636859609354513533
.71372263520221915405
.78211252387364313321
1.67839208768392375307
2.02136092769203392455
2.07021737989033412519
1.57117790208492940094
1.12075867161490211688
.82831153559515274928
1.10765518100174117318
.62056425936400816862
1.00682669809654928518
.86486993241758613006
.93096723895097404227
.66370174024180469975
1.44416065588285571462
1.02298582590376099501
1.23332882882060289574
.37854986461495399668
1.12236357745607550519
1.11843640856331210548
1.48030402282774331451
2.24964441634672567201
2.12840315729891737068
1.68801658759622383042
.91983694207180002778
1.74272774695303454332
2.03941167987240869386
.77272245987805996993
2.06518764280633831222
2.41737460895079312901
.67749538743817289549
1.18055071894434082378
1.49726417174792504950
.97621718894926245812
1.37702578044131040153
1.62597662959834696389
2.06482444774368167107
1.11058543120284087400
1.45718907489728319058
1.49308405657551644757
1.04623133197204527229
.69057946682478186755
1.07307968017291241595
1.07675438239182476986
.88238313673823118909
1.21037184369102043318
1.21053707089043745649
1.51499174915245000485
1.44841292454879730681
3.13926743046845245990
2.94180216873942765811
1.09895404817489980434
.44654227123532213252
1.09899954504085214384
.82885463140408402980
.75690157880665039606
2.55830021694092814303
3.07026057526067321255
2.12228650280776181540
1.35033329219122787648
1.48855634760663326392
.94910484141637376856
1.34688529578431436672
1.20108284476966866717
.98984847325234583098
1.64663292812939945774
1.02239913927976289156
.82661962231730260323
1.43840189098874588485
1.81441450611485136461
1.27980467259656463562
1.22298814385095328282
1.61214143300145970784
2.01258540191466160798
2.01938109330557019553
1.73427218163701167060
.83910666783192707507
.73830887845128884106
.38483762809787714416
.39837168574084177751
.96156123049964946057
.84616783205224718587
1.21144541767262465468
1.49519229532525347346
1.04019228991566746759
1.07433700485462195588
1.16503218839652666482
1.31518059596391551993
.97637083119069057940
1.24719685695562911805
1.32034086507992321550
1.31461020838878320342
1.59204271299484926853
1.63926812937969363792
1.03855669079737770470
1.22020490082608666762
1.69180377112713636367
1.31726990400600893710
1.50927134737263199659
2.04166598639444449162
2.90348066981683210241
3.44833293056224488446
6.11762208705310596353
6.19997580640440886551
4.20161873567795296692
2.92268711975811738615
5.13864768202685792966
9.48313239388758085686
11.02224115141743757339
3.70979783815776139389
4.11040144024887184740
6.07645455837530311403
2.72200293901384316635
10.41493638962811908733
7.91454357496375150256
8.18752099233950056075
3.03446865200482834053
4.46852324599525833103
8.00592905289573497354
10.73545993425526226531
3.87615789152093235522
1.25896783120141715557
3.89345604829436850803
2.07395756947918295641
3.42102323874012875726
2.62062969532133631434
7.20644850116893571074
5.05624366501457285138
3.38747693719086447745
11.97675248136989762679
