3.07110729216678458916
1.63859696081739392441
1.63920712541155091210
.95205041883295235489
1.48489056835849018062
.72993150363578636267
1.13256346400543929960
2.06659139647875240059
1.61721983663322655893
1.12187343314653814829
1.48296999295333012479
5.33304790902913228273
2.91940062341570380092
2.19752133095449155414
2.87682116232483245406
2.24510578815342240433
2.75132695258124493225
2.45928851499778284960
2.15798517140410397213
2.20295256417381806501
2.68979553126255304960
1.94465935320302306153
.81993902212298689937
4.39548632121634522554
10.35548646853444543672
6.84641512033852647835
7.10400591215970202475
8.09259538096400813746
11.63232135044420099775
6.10357272423291438904
2.30727111540885025660
5.03057650771757967903
3.18240475112767514860
4.27941584798673193865
4.13794635054636734230
3.24092579365834909885
3.56624452330459247212
2.47004048549816284180
2.05769288281803608905
1.21527774603174561710
1.69525809244492326652
1.95685972926012251768
1.42056326856638103065
2.26623035016301906378
1.65096941219393886140
1.78451674130561184825
1.91648115044213257714
1.99371512508683145617
3.12297934671364741640
2.87617801952521707953
2.17515516687890567601
1.68053562889931018564
1.51983551741627620116
1.43045447323569162237
1.09000000000000000000
1.19385928819103300554
.95152509162922235573
1.18941161924709647591
1.76122116725867225763
2.05175534603909342415
3.44802842215663877784
5.15938949876824089347
6.32795385571039068714
7.02926738714640161752
7.76826235396307917460
3.93306496259596505536
5.88654397758141275232
6.23712273408179775254
3.64171662818512006200
3.74714558030509404439
4.00569594452699317705
3.01564255176239347347
1.62692962355474983219
2.63114043714888012436
2.83358430261038819158
1.78440466262560522373
1.55248188395227337029
.46086874487211649054
1.47800541270998057194
3.18990595472656528912
3.93334463275213147194
2.52944657978776060966
.45880278987817848708
1.23328828746566793947
.79536155300592698437
.95273291115611199925
1.42807562824942853234
2.28678814060244767572
4.87871909418855555408
3.50189948456548364134
2.15733632055829440624
3.36043151990931069471
2.49042165104626409325
1.72354286282645143852
1.74453432181771648857
1.23729543763807680177
2.98710562250483536530
3.54911256513512121092
2.42546902680698027502
2.76155753153904074155
1.24442757925079754317
1.50774666307042444072
3.41222801113876327665
3.21791858194081722170
.64969223483123145605
1.16258333034668960025
1.51013244452266503842
1.10724884285331271688
2.28197283068839362551
2.87781166861210707684
3.07891214554751464412
2.26777423920459948415
1.92857460317199033678
2.05207212348884073037
2.41141037569302998136
2.25253190876400239286
2.23481542862044873613
2.21418156437090768222
2.51469680080919496921
2.01898489345512439373
1.10611934256661473499
1.54317853795340220186
.66760766921898073713
2.17207274279661269359
2.07460839678239035126
2.09661632160011575161
1.65819178625393027846
1.61471359689574671024
1.22249744376010864524
1.04163333279998293265
1.37094857671613635181
2.11314930849668074276
.76275815302099524657
2.69057614647866823758
1.79518801243769450478
2.96631084008402598832
1.96667231637606573597
2.45051015096856923834
2.28094278753326033528
2.36378933071456264240
2.27237760946546909950
2.08865985742054227856
2.27552191815416271546
1.42077443670696721893
1.99231021680861738234
3.50037140886506499301
2.74441250543718372701
2.61660084842912179317
2.90353233148866451536
2.32215417231500802865
1.86443020786512681948
2.22587061618594534156
1.58372977493005415806
1.43561833368064786636
1.47492372684149331912
1.93088062810728928810
2.26046455402423862028
2.70066658438245575297
2.26316150550507552591
2.66364412037344057806
3.61836979868006304914
2.44844848832888456991
3.13271447789293430845
2.90532270152559817153
2.98444299660757467783
2.75294387883225836020
1.06555150039779869853
.92395887354362261138
1.62499230767410096069
2.54898018823214865723
4.40211312894159956526
8.30961491285847734259
2.76597180029008972541
3.68274354252369845900
2.71882327487462855138
2.02153407094711119538
6.16627115848792364798
4.27932237626472820050
8.90818163263412585431
9.25713778659473124729
6.50455993899664206945
5.86770824087224023252
8.77088364989526012581
2.70125896574171503479
5.25419832134265750347
4.93908898482301085986
5.42264695513178324043
4.15317950490946153132
5.58101245295152517454
1.52318744742726920884
6.62939665429667890527
6.13762168922132247771
2.22148598915230613254
3.91572470942480837725
3.66481923155835886857
7.63491977691972870935
3.41820128137592271893
3.34932829086669257184
5.26821601683150422426
6.19515940069341557212
