5.94620046752546007701
3.18676952414196405123
2.04907296112168734068
3.64765678209998260795
.68512772531842557159
2.08494604246728649004
2.78546225966176034276
2.78926513619627060364
2.09334660293034129928
3.28166116471521172797
2.23888365039365098312
5.72702365980794600034
6.00590542716083733705
1.58069604921376329730
1.86810063968727337942
2.41915274424745656654
1.56706732465455995162
1.98922095303664042216
2.57476212493503950874
2.03953426056048394099
2.39741527483246005950
1.25355494494657074046
6.79446833828814011348
5.35494164300601879117
5.29438381683836745236
3.73893032831584065611
6.70532624113100107704
3.85617686316382537366
3.47637742484903385094
5.13983462768988317574
2.58034881362966119429
4.09980487340556245648
1.83940207676298984872
7.64840506249505590344
1.24004032192505740309
6.35150375895346534431
4.69605153293700557959
1.73254148579478465543
1.75866426585633450176
1.33394152795390548182
3.27813971636353535089
1.90727554380587599459
2.81032026644651303165
1.24426685240747292038
2.66535175914924970340
1.31973482184869245042
1.60358972309004275434
3.23606242214206986702
3.54701282771855788505
5.09307372811350532877
2.05800874633709951101
1.44405678558704885855
1.70020586988752629703
4.13701583269873406463
3.98660256358719560787
2.78478006312886404217
.89073003766573405032
2.02212759241349555350
5.05574920264049490360
2.18412453857375083518
5.41178343986527236204
6.34619571081762337418
5.97980768921543161694
4.51847319345816192482
4.51655842428723598593
4.59658568940034011414
4.60932749975525171512
1.64909065851456450483
5.58878340965187163156
.99060587520971225057
.93861600242058519892
2.12089603705603637020
1.99313822902477087578
2.42862100789727996620
10.96881488584796930978
1.83111987592292820920
2.23026904206644988349
2.18176534026920502823
3.31030210101736787089
2.44997959175173538832
3.34545960967996144779
1.45609065651833642964
3.10712085378087602960
1.23146254510642750607
3.70276923396530343375
3.96172942034157602816
1.41014183683769910337
1.35665028655140157310
1.66607322768238491372
4.31467264111658881248
4.49200400712198830959
3.38830341026301834343
2.98405764019396917546
1.66111408398098894693
.84130850465212818981
.58017238817441148540
2.69683147415629217696
2.44305137072473365541
2.16956216781174537515
2.77310295517494265281
3.17460233730147688241
1.83120179117430965885
2.87739465489181723405
3.80921251704338491348
5.85425486291808105459
4.05140716294968309125
4.34763153912564214207
3.39701339414492153103
3.46014450565290697657
2.70987084563083928536
3.35256618130052728717
1.91222383627022074625
3.79769667035164881926
2.99163834712687155045
3.22299550108280480050
3.10104820988000765392
3.19380650634943756919
2.08923430950192850790
1.86282044223269141147
1.30617762957417089581
2.83196045170125919256
2.34674242301962061752
2.45605374534027654693
.82286086308682830683
3.82461762794661605110
2.35263681855062363554
4.84060946575945124550
3.57779261556619572605
1.61619924514275157484
3.55198536033019145099
4.48584440211650676018
5.10503672856523139040
5.14095321900520701480
.42988370520409354078
3.19946870589477714928
4.55194463938216190603
5.81047330258043608885
3.72433886750386879990
.42296571965113201121
1.49649590711100843959
3.10022579822825163200
3.14054135460751415974
2.32109887768703209978
5.69030754880612757904
3.61802432274853564174
3.01312130522486598410
3.09037214587499154155
2.64425792993043702434
3.17204981045380181148
4.64036636484663783922
1.09242848736198746200
1.07782187767738320296
2.87349960849136013937
4.85741700906973808484
2.15872647642076229759
2.52604433848655950309
1.13846387733647482645
3.28545278462497464027
2.00064989440931418554
1.31506653824055610026
.86515894493439758921
3.05394826413284218229
2.65738593358209827037
1.46198495204294083048
2.62328038913113517751
2.07004830861504292575
1.61012421881046184082
1.29038753868750607987
1.74416168975241512727
2.65126384956307206086
1.23713378419635764144
4.48323543883209417155
5.56798886493139459834
1.64942414193560292995
3.80155231451574265981
4.00653216635034642523
2.62531902823256891884
4.82114094380158108233
2.33045060020589151298
2.80044639298808931869
2.99234022129837368531
4.44487345151692704521
3.82274770289643886145
2.39866629609039197839
6.63395055754864666899
4.30220873505691260061
3.95965907623371030035
4.08336870732977038618
6.17668195716761832367
3.19300798620986853303
2.71952201682575094389
1.91104683354437967578
2.55364445450027361478
3.26759850654880793296
5.39722150740545389374
8.58536545523834995705
4.11864055241532336369
4.46303708252575468111
3.95508533409836809806
3.12789066305074033353
