2.20730605036999796649
1.94064422293216847120
1.69852877514630290116
1.36616250863504521806
1.11427106217472954707
.91586025134842488151
.99463561166891666849
.73136858012906187464
.90144328717895503556
1.32034086507992321550
1.12205169221386587595
1.32517923316055628566
.32295510523910285447
2.23709633230221000244
1.39319776054944906016
1.76878489364874438934
2.31056270202736545428
1.03014562077407289243
.82371111440844356255
1.31609270190211145323
1.84753890351461882281
2.22533143598880569087
4.38192879905641552175
3.07385751133652907974
3.52946171533280694969
8.07926976898283796871
3.08368286307136324494
7.20623341281698979079
3.29601274269381428312
3.02922432315601216189
3.82112548864859972161
3.38495199375116692363
2.66150333458367096594
5.40035184038966112991
6.03709367162710172901
3.50048568058776666666
7.72036916215798582326
2.09234318408811703233
1.65885502681819667203
1.63697892472688847381
1.39043158767341012965
1.43380612357459263293
1.22196562963121020836
.96891692110314597395
.37549966711037175032
.22715633383201094443
.96695398029068580901
1.05328058939676658222
1.47068011477683344652
1.21239432529189940942
1.15853355583686051471
1.47424556977458813050
1.89739294823186269793
1.30357201565544509812
1.06108435102964363716
1.05123736615476145278
1.15121674761966523434
1.20341181646184611494
1.90002631560723389892
4.34088700613135056987
6.15555846369766843107
2.44575141827619104418
3.87344807632682743826
1.54340532589465946808
4.61160492670393438159
4.18582130531153945484
3.97266912792897969025
14.32314909508380423044
3.99265575776324598479
4.71700116599519190748
3.30661458292314437073
1.83046442194324006478
2.01258540191466160798
2.03747392621353562194
1.54547727256016288529
1.63416645419002528244
.68724086025206621150
.60679485825112262564
.70738956735309575810
.93241621607520318801
.98615414616580099840
1.12378823627941576704
1.32461315107468263426
2.75007272631106975966
3.65264287879338130073
4.03595094122810169720
3.49784219198065023283
1.93437328352104780614
1.71478861671052621902
1.41654509282267467110
.21954498400100148951
.71951372467799389434
1.20619235613562068369
1.55399485198632495341
1.98285148208331528583
1.81477271304149820799
1.37262522197430133044
1.83469343488224211828
2.04151904228199644780
1.75470795290840350143
1.06179093987470056957
1.31563672797622976667
2.43328995395123431229
2.19223630113179176868
1.45155089473294046121
1.72551441605105113650
1.58372977493005415806
.45232731511594565650
.76681158050723255883
.75637292389402729068
.91350971532874241238
1.13070774296455580608
1.25319591445232536713
.76576758876306589213
1.26925174807837077881
1.48037157497703933723
1.45674294232029832065
1.48586675041875810863
1.96051013769375852212
2.83778082310808492784
4.37084659991631369538
5.36606000711881715349
4.27057373194750028308
2.65331867667643722105
3.05188466361361696856
2.63766942583789297711
2.05569939436679311388
1.74599541809249888993
1.50562279472648792652
3.46378405793432798402
3.32655978452214202799
2.49597676271234544520
4.41565397195024782435
4.10883195081035164985
2.99482887658042992898
3.01759838282035139348
1.10648090810460891566
1.27385242473372872251
1.01074230147946217241
1.32000000000000000000
1.89161306825682508552
1.57422997049351083684
1.25578660607604825655
1.45175755551676051885
1.52898659248536250858
1.12441095690143468114
1.59590099943574194128
.69692180336103705516
.77472575792986255918
.65161338230579641771
.66678332312678606764
.31890437438203948223
.38223029707232784976
.57288742349610014806
.73171032519706867944
.72580989246496220513
.84065450691708065094
1.16047404107114778666
1.01734949746879022085
1.58776572579206407304
1.52869225156667815171
2.02160827065977349300
2.32245559699211472351
1.51410039297267207333
1.44131884050684635460
.88532479915565451193
.32710854467592252121
.36373066958946423164
1.54016232910690293899
2.13349478555725558632
5.54728762549770804652
6.01340169953745897266
10.51046621230476150756
9.24113629376820737733
3.34501121074354547521
2.82573884143598804727
9.55818497414650372071
2.32501612897631314475
2.79023296518409014369
1.93873670208205425617
1.01602165331256597190
5.35579125806822310661
3.38480427794577215492
6.87119349167231645642
4.37706522683864056670
5.20031729801172805321
7.15017482303754584218
3.63865359714276731259
6.69328768244724410187
4.55417390972281601998
7.12591046814370240723
8.58419477877803050028
12.30775365369326849040
2.00888028513398478221
4.93370043679184072936
1.88894150253521614977
5.62040923776907903551
7.94612484170743443775
5.11978515174220958246
13.80006521723719970913
