2.66724577045310918232
1.15043470045022546685
1.96746029184835138313
2.25304238752847257656
1.98131269616888085997
1.28195163715328980424
1.73277234511634562848
2.09973807890412846129
1.56862997548816464021
1.64651146367099430529
1.69617216107327973088
2.41331721909905577999
3.99851222331506697121
3.59744353673549683970
3.56524893941503052514
3.12969647090576500844
2.86394832355613567554
2.95514805043672896520
1.86134360073576958049
1.93196790863616572651
2.29812967432214320641
3.32109921562123765468
3.94073597187124425599
3.85634542021328789576
6.46741834119302970577
5.14907758729658296843
3.93460290245407103140
2.86148562813095393676
4.03274100333755626617
6.69855208235332003229
3.02329290674919554675
8.26784736191954622613
5.45608834239329376348
7.45534707441578470205
5.48639225721238418999
4.44339959940584231943
1.20112447315005616781
1.50797877969154459849
2.90884856945149346493
2.43823706804732176764
2.22921510850792503774
1.42579802216162440572
.85381496824546241963
1.25015998976131051032
2.00414570328606597544
2.07016907522066902312
1.78185296812054613475
2.04159251566026270050
1.70020586988752629703
3.22708847105250586744
3.03863456177277099041
2.32982831985534934178
1.83262107376293149511
2.16427817066106361447
2.36391624217102920602
2.25780867214208387626
2.45863783424887529733
2.31747707647778039461
1.28195163715328980424
3.83424047237520041281
4.56725300372116455845
7.36230942028382830451
5.14092404145402638529
9.79037282231887224467
6.89876800595584602674
8.77551707878230956611
4.23248154160180597000
3.36102662887398141482
7.20026388405313934019
4.61823559381718853427
4.48166263790571367009
3.13856655178761503349
2.57891450032760876715
4.02041042680968083273
3.11208933033741819035
1.60555286428071249602
1.04565768777358491718
1.46427456441747973156
1.71706144328035040762
1.45086181285469085848
2.01469600684569780084
2.16725633001728708758
2.08252250888195683866
1.57952524512905459291
1.73490633752949326183
2.75292571639701168308
3.76252574742020868473
2.05596692580401205246
2.16344632473283237681
2.75642884907265473207
2.62815524655603250381
2.71692841274848461915
2.71619218760381534236
1.83793362230522351364
.95063136914368652660
1.19457105272143607221
1.24197423483742206011
1.89876275505919906907
1.56824742945748200579
2.37153958432070030670
3.59062668624851614495
3.61868760740686208242
2.75873159259830857507
2.33345237791560683052
2.59842259842389763649
2.58247942876608409199
1.42751532391074527477
2.11712068621512458169
2.50217905034791624921
1.50166574176812064610
2.75305285092749354578
1.58559137232768771142
1.22825078872354077556
1.19084003963588661322
1.47207336773681222658
1.69463860454080297102
1.46850263874464999205
1.15112987972687078539
2.64990565869806014118
4.74373270747836297185
4.76968552422484138767
3.64096141149559562315
3.46884707071384165971
1.05792249243505547087
1.77623196683316112421
.61725197448043857999
4.54982417242688621240
3.11866958814171271291
1.46495733726276138269
3.09142362027594011847
3.49462444334151591820
1.72481883106603401902
1.76672012497735475362
.96938124595021952590
1.71458449777198207350
3.70844981090482064515
2.13574343028370334256
2.95753275552444220093
1.13551750316760859694
1.67074833532761600055
1.75074269954211147068
.72642962494656011929
1.45430395722489870422
1.17200682591868892237
2.57015563731070574246
2.92183161732499568076
2.41712639305436404810
2.82964662104652212701
.86585218137970871546
1.64860547129991049293
1.58031642401134336878
1.56054477667255674294
1.25542821379798534460
.55533773507659282778
1.26063476074555393008
1.63052138900414305482
1.19519872824564200169
1.00583298812476815683
2.10042852770571557955
2.22310593539759143885
2.53673017879316443472
3.25838917258205975643
3.27748379095915591074
1.11861521534440072178
1.04895185780854594947
.89089842294169541312
1.42607853921163823115
1.11489909857349871300
1.15956888540526129451
1.89179808647751835070
5.85775554286793364475
8.29134488487844775166
4.46763919760761343421
4.23421775538292314690
4.39475824135981341241
5.26567184697261589618
5.73456188387569848535
5.54391558377289868343
5.20902102126685605104
7.23177018440160334164
6.74979999703694924229
5.80574715260663069810
5.53497967475942950277
1.70152872441225628578
7.88059007942933166748
5.02283784329137983769
7.71576956628436383476
5.74230789839764687621
10.96460669609266012180
4.95701523096308430134
3.12923313289374462356
2.50699022734433490252
1.60729586573225528221
1.98944715938875843267
1.30728726758888002259
5.21602338951811066358
4.40243114653710399173
5.53524163880855340568
2.51765764153905564333
3.12835419989489041873
