4.72825549225081533135
1.41809731682984295815
2.76018115347525695694
3.12086526463415270586
1.12294256309038353237
.98858484714262133990
1.73807364631076550938
2.32176656880057604123
3.63412988210383036662
.76478755219995572310
2.13251025788857578475
3.19889043263441581727
3.67373107344563260153
2.95326937477772250710
3.50600912719861583648
4.47451673368197383926
2.95819201540400348637
1.85377992221299020088
2.43117255660720224410
2.18130694768067889175
2.07492168526910913867
5.80228403303388794040
7.82198184605410599900
4.61463974758593696227
4.98005020055019124101
3.81620230071729818928
10.12323070961044530515
5.61274442674882534152
4.85770521954554175271
6.24795966696328794410
5.64066485442983928396
7.60227597499590907872
7.01432819306311044526
5.50041816592156927619
5.62313080054163420844
5.83513495987882014643
4.23721606718373520329
1.56374550359065781072
4.11806993626868848007
2.61887380375611073467
1.97418337547452769547
1.15874932578189662565
4.27754602546834088416
4.11871339133958190985
2.32553219715401919438
4.19491358671427223477
1.48828760661372168801
2.52234018324253796517
2.97388634618070096818
2.93436534875942126607
4.51217242578339419557
4.57224233828435651084
3.35690333492044420531
2.70046292327815528554
.88334591186012741969
1.16726175299287520174
1.12383272776690393018
2.00184914516553919075
1.61867229543227804019
3.37640341191629528894
1.57521427113900920244
2.51884894346604278460
6.21450722101117201686
6.95431520712140283411
3.28038107542401238015
1.49896631049533598248
4.29861605636046541764
2.42037187225434430762
6.30860523412267412419
5.91443150268899470665
3.81950258541606435708
3.01862551503163439354
3.34740197765371465701
1.38296782319763318490
4.60787369618569297867
1.80629454962362104781
1.91052348847115721609
1.90641023916679591463
2.25230992538771182319
1.97780181009119313628
1.40904222789808538796
1.42288439446077276879
.75272837066235254263
3.79312536043827583908
3.68287930836729972795
2.38776045699730943508
2.77375197160813208857
1.86120928430953191395
2.27809130633519603886
4.06163760077139329212
1.88623964543214921792
3.66865097822074101974
3.52299588418720693798
1.62486922550708677024
2.48300221506143646855
3.59713775104596182046
2.97169985025405955785
2.20773639730833807712
2.12873201695281503557
2.02056922672795351072
2.28514769763356871733
2.02635140091742231854
2.61927470876958608486
3.35895817181458810734
2.87057485532079445196
7.79170071293809385110
5.34397791911605862316
1.94085032910835244549
1.95943869513695171386
1.19012604374494720995
2.09687863263470735382
1.81069047603393551400
2.44290810306077620984
1.97802932233068779652
1.65568716851946400533
1.49107343883525736956
3.35645646478544392872
4.94332883793906633932
3.03963813635768163948
5.09997058815048461843
2.72945049414712777640
.92449986479176945307
3.33582073858893083055
1.74155103284399909083
1.90853346839923139976
2.99649795594790953630
1.68801658759622383042
3.36044639891785805582
5.25491198784527693824
4.81586959956350977607
3.28995440697891739035
1.04833200847823014470
1.39674621889590236327
3.27548469695707783198
.43382023926967722790
3.03963813635768163948
.57593402399927719498
1.01405128075457801277
2.15798517140410397213
2.82265832151183328446
2.23799016977287011496
1.73300317368434152559
1.40010713875760236407
1.45192975036673175815
3.04474957919366498432
1.19937483715475705322
3.43681538637151704660
3.03460046793643001309
3.34571367573496940446
3.40126447075201724896
3.46088139062869359120
2.25091092671389375882
.84551759295711878167
1.88902091041893975112
1.63444180073809908662
1.50216510410806707702
1.43185194765380683893
1.48731301345749005720
2.14074753298935276385
2.63197644366358263955
2.23995535669798562170
2.80686658037036024702
2.78865559006486134417
2.24437073586339563108
2.45091819528926750346
1.98949742397420560218
1.97850954003259736619
1.02337676346495184627
1.65342069661656285921
4.84212763152728141716
1.53873324523778324713
8.63732018626147724680
7.18151098307313041179
3.85876923383609453178
5.23402330908069227715
6.13998371333344824858
4.43559466137292576663
2.37869712237602877207
1.08323589305377062916
1.44131884050684635460
3.50823317355046969232
3.78002645493388048589
6.75598253402123590777
5.51250396825253995208
3.42365301980209437227
7.41776920643935915116
1.24165212519449263011
2.48421013603922001226
4.30735417628966285589
4.58577147271863079699
2.94911851236941646241
3.35839247259756702784
4.41756720378988688453
1.73772840225393105013
3.59706825067303942586
1.50724914994170754715
4.52682007594735313442
1.51013244452266503842
2.98345437370843665462
3.28158498290079332207
