1.65873445734994002384
.78472925267253800776
1.46608321728338463372
1.24342269562687329935
1.38729953506804001956
.97964279204207897851
1.48583309964477504232
.29495762407505251668
1.29992307464711157038
1.68739444114291190822
1.70850812113960991847
1.37644469558351671538
1.91311264697089909755
.63725975865419275664
.84687661438960516380
2.08225838934556822690
3.00174948988085946172
3.42913983383588485589
2.80633212574705775861
3.00647634283059011067
4.04241264593311898569
3.79795997872542095590
3.01584150777191870653
2.37297281906051338571
4.01149598030460451812
7.28753730693709725176
7.22385631086333277988
10.74054933418212087307
6.03312522661348377883
3.23572248501010976301
5.85387051445451772387
6.55593624130070380293
9.68150814697792835565
7.71094027988805007318
4.05818925137800836889
5.50759475633420219051
5.56648003679165277216
3.73065677863831370707
1.17511701544995083949
.69000000000000000000
.62697687357668942971
1.96842576695185536275
2.05864032798349697538
1.55563491861040455368
2.29126602558498213332
2.81700195243098828775
1.81887327760897075641
2.84091534544766046606
3.18687935134043001944
3.39917637082867472677
2.35206292432834372927
1.41890803084625608161
.33970575502926058023
.73993242934743710285
1.08931170929169764433
.47581509013481276936
1.41201982988908480838
1.61845605439258065756
2.81599005680062727028
3.19762411799761105066
10.60341925984255325955
9.17972221801945377362
2.13211162934776939882
5.34211568575597209520
2.23796782818699161031
3.40020587611985636366
3.70071614690994640192
3.67751274640890945750
6.51241122780188075555
5.40000925925132095046
5.75933155843627394821
3.13561796142323435313
3.21144827141898706311
2.14359511102260167475
2.39927072253216143811
1.71429285712797625247
1.03990384170845334943
.62968245965724660639
.80554329492585313182
1.15169440391103750469
1.12503333283952080421
1.45389133018943338081
1.07582526462246646757
1.91230227736098248887
1.06042444332446430079
.73061617830431321485
1.57607106438764365762
2.47347933082126239141
3.31573521258860475974
3.17119851160409067192
2.14918589237878629808
2.68227515367085335867
2.53009881229963032445
2.66409459291519902292
3.00527868923998461178
2.33420221917467981829
2.41004149341873365182
1.66580310961409842122
1.83635508548864263491
2.52226089055038079341
2.73448349784744541251
2.06033977780365149169
2.68046637733063161808
3.12725118914359036494
5.09559613784295114833
5.70670658085729864170
4.00643232814433045678
2.84564579665143848696
1.03551919344838799564
.75086616650372521628
1.05621967412087150536
1.50086641644085034140
1.54948378500712294481
1.98073218785377444070
2.06661559076670085978
1.35885981616942371043
1.97878750754091835104
1.34193889577730028623
1.60928555576690614873
.77110310594628005297
.76922038454528751522
1.38513537244559601926
1.11436080333077042413
2.12362896947654205803
1.66282891483158904082
4.13151304003751148755
5.35736875714188634569
3.41809888680827957113
2.01727539022315939222
1.91441897190766473034
2.61627597932634010566
1.44159633739823298706
3.57327580799467535308
6.57520341890652079618
1.58808060248842533364
1.28759465671460441953
1.52852870434283961470
1.17681774289819407022
.59497899122574067573
.81271151093115446287
1.13890298094262620996
1.50216510410806707702
1.89662858778412385291
1.91324331960156076746
1.87765811584537401908
2.06992753496348272525
.76347887986505559916
.46010868281309362832
.61351446600711869441
1.20987602670686883893
1.67191506961328630761
1.74682569250626720909
1.73499279537409030706
.94451045520946987556
.59690870323693555607
1.03450471241072652737
1.12578861248459961494
1.41230308361909342678
.74518454090245323607
1.16726175299287520174
.55398555937858163632
1.70191069095884111847
2.06315292695427694027
1.40847435191415537540
1.53720525630118764566
1.34632834033901254722
1.55916644396934094612
2.67662100417672131813
1.50259775056400240838
1.11870460801768399616
3.87139509737768821285
1.70757137478935269249
4.20184483292755588161
5.65703986197728679218
4.27627174066382268769
3.46772259559498213331
5.03136164472402043213
5.10087247439102323614
1.92192611720638210385
5.40138871032255926086
5.78070929903934885629
5.81806668920183485378
5.99923328434559210715
4.42906310634653296762
12.32171254331150187622
7.85868309578646898118
7.48880497809897570575
6.04504755977982360158
4.77630610409341331612
4.63625926798750114938
3.02783751215285659357
4.03478623969101986427
2.11976413782288523742
4.61135554907664867645
2.49513526687432318854
2.96043915661173485972
5.23271440076754045657
4.13048423311359463661
2.57204199032597444101
7.13400308382327516358
