2.09105236663264844214
1.72441294358398968728
2.83771034462645605657
1.86949190958399175416
2.02160827065977349300
1.65063624096891802129
1.17549989366226656413
1.36091880727690731697
.89666047085839576448
.95503926620846328425
2.13328385359285931103
2.31961203652679815973
3.05250716624875427990
2.25024443116742319825
.83916625289628991371
.80802227692063045001
1.00254675701435491701
1.00935623047564332157
.96182118920306595624
.90559372789347431522
.72972597596632120986
1.00304536288245707636
1.66291912010175648229
.90410176418365648491
2.36347202225877850563
6.55598200119554934703
1.47336349893704099459
5.63869665791661468766
3.11126983722080910736
3.37668476467673837254
4.02418935936170876407
2.35851648287647122816
6.26921047660708229949
8.96839450514973722294
3.49264942414780587723
2.61767072031605992061
3.46899120782973446843
2.11018956494434404640
.69426219830839126567
1.75388140990204922121
2.22355571101782830954
2.33392373482939669084
2.42868277055691239982
2.07308948190858370386
.53235326616824659057
1.61545659180307286893
1.22433655503705352691
1.08655418640765449861
2.30115188546953588523
2.32148659268150846669
2.74812663463676651583
2.83049465641608304379
2.11596313767513445309
2.26495033058122490917
2.42862100789727996620
2.18840124291684681907
1.21593585357123177478
1.58205562481222511533
1.91439285414462409918
6.79736713735546286771
7.64289866477372575663
7.16082397493472813825
4.55983552334949906140
1.99639675415484484302
7.40708444666320784886
5.66126310994286857125
3.89411093832725828776
9.74764074019965099780
6.80044851462019378473
3.05650126778969290189
3.27128415152215109434
3.08329369343888484527
1.26554336156450996572
1.73582833252600183499
1.75923278732520216748
1.50615404258661404689
1.46972786596702996580
.45365184888855021616
.65429351211822359013
1.45838952272703879295
1.19791485507109394056
1.36389149128513885600
1.47827602294023561017
.59581876439064924770
1.50359569033700013461
.70462756119811265866
.66535704700559082603
.82873397420402646359
1.05848948979193931342
1.29649527573377605424
1.03566403818999141687
2.02538885155418982818
2.37474209125959613121
1.70052932935600966658
2.32969955144434879980
1.89393769696893672659
1.91692462032287539817
1.95335608632937174463
2.14109784923529359001
2.26867802916147623188
1.58006328987164308462
2.14643891131334087171
2.17487930699613765946
1.01965680500843027522
1.84263398427359957340
.85375640553965977257
1.87200427349939562043
.93712325763476812773
1.03063087475584584293
1.10788086002060708946
1.57981011517207345674
1.80878412200019049149
1.99694767082164674333
1.18819190369232864925
1.65287628091155086307
1.71131528363419930043
1.57143246752763766357
1.48489056835849018062
1.89575842342847048735
2.05009755865422170401
2.53063233204667643201
2.00982586310356748777
2.58261495387911048934
2.95184687949764765571
4.94713048140030363602
6.17106959934823616310
7.97364408536021878539
6.21802219359178550045
2.00007499859380273190
2.06332256324598941754
2.88570615274667216072
2.52073402008224580552
2.45564655437218814753
4.23771164663194137909
2.84592691402994395308
2.96015202312313682968
1.90714446227861826335
1.35207248326411849952
1.26570138658373918998
1.26767503722365693667
1.01094015648800893797
1.56284996080877834214
1.62129577807382203766
1.52397506541281704790
1.57092329539032554254
1.32310241478125947829
1.20933866224478244785
1.42035206903077379225
1.65435788147546841491
1.22682517091882329865
1.81513084927781446155
1.89119010149693835584
1.98012625860069842163
1.72203368143599328380
1.80670971658426633923
2.19456145960873011955
2.29943471314147121188
2.60603146565807988518
2.03083726576011008553
1.93958758502935360482
1.80615613942981131179
1.86045693312153829066
3.54110152353755596189
3.41214009091068826824
3.49772783389445554499
3.72916880819305362804
3.42587215173012549476
4.03358401424837065460
2.11452122240473150565
.57280013966478744216
.82927679335671753741
4.67518983571790376555
5.65036282020898194285
2.62215560179025226359
4.52832198501829151897
6.36711865760329615046
3.87207954463748071385
3.56150249192668683158
5.12454876062273408826
2.99818278295370110678
7.98096485395093066249
3.53454381780732773532
13.34719820786370130991
8.96074215676357914473
1.23983869918630947692
12.50665023097711803918
9.86362002512262229125
7.48484468776740884485
2.78915757891159674076
3.44506893980367249195
3.32957955303668934577
4.83091088719301465857
6.52774080367779308780
3.87397728439390826534
1.48721215702400711649
5.58479184929930938245
4.31104395709438342071
2.98998327754521061970
3.43687357928684947432
8.12366296691338617230
