5.68530562063289610801
5.47650435953446493739
4.00861572116859313202
1.80629454962362104781
.98513958401842730948
2.19847674538531337179
.74578817367936319401
5.03521598345095818393
4.96276132813174887220
1.23693168768529816494
2.22934968096079534707
3.18009433822331755051
4.36204080677840518525
1.31837020597402761542
3.88179082383376242634
2.30948046105612246636
2.31000000000000000000
1.83942925930844103228
3.27353020453454805143
3.99897486863821138467
3.78191750306640083907
2.66251760557559506252
8.47102118991565266642
3.87693177654701579351
4.72480687436005155497
2.25233212470985282086
2.53854288913935822830
7.16117308825865484679
6.21045086930087548535
2.04262086545692566025
4.73527190349192091670
2.91003436405826658066
2.78628785304031356465
5.66078616448280971453
1.58230844022270196572
1.72104619345327277011
3.24382490279608032976
1.98380946665752152318
3.08113615408342511630
4.19907132590052582926
2.60353605698096679922
2.04195984289603501497
3.98954884667427026102
4.91273854382665066329
5.09333878708259499968
1.96491730105874939339
1.86810063968727337942
3.17973269316777632807
4.35488231758333510997
2.45733595586765465779
2.78449277248119284824
5.71063919364548892877
3.33808328236429715354
1.23555655475579101473
2.00122462507335742607
2.32088345248097281529
2.47525756235588542035
1.75894854956021951290
3.84803846134624803076
5.08709150694185960207
1.10113577727726202511
3.40154376717395773684
2.82428752077404470480
4.57604632843680899725
5.75504126831424207120
2.28234528500838365151
2.91178639326445098353
2.68359833060016640039
3.66719238655405151625
2.77807487300108598062
1.76796493177890833412
3.29129153980622020496
1.99582063322333653040
.92660671268883002842
4.73596874989689939360
2.28731283387297068696
2.42513917126419777764
1.53694502178835271440
1.52213665615147709049
2.25800797164226149682
2.94871158304775545235
2.18380402051099814344
1.58360348572488308980
2.86342452318897345857
5.20801305681927030247
3.97222859362348379941
4.64492195844020612970
4.51810801110376288888
4.02166632131508394240
5.22671024641695629551
4.21020189539646661349
3.78747937288112501213
1.61086933051691067323
1.50049991669443287576
2.12108462820322188105
2.09442116108484732813
1.21597697346619191644
1.30763144654753542677
3.65509233809489414929
2.87544779121443969923
4.22168212919921293308
2.07388524272680044546
1.88332153388634092790
.88617154095581291128
2.04496943742443251214
6.00983360834557548567
2.48090709217415072469
4.82153502527981227564
5.20048074700791484431
2.69170949398333103252
3.32466539669783912526
1.54951605348250587267
1.07079409785448481430
1.85002702682960823819
2.69312086620708503246
2.05002439009881050732
4.03709053651265046780
3.38613348821336339235
2.83564807407407310657
3.34414413564965826818
1.16597598603058716682
3.63587678559106290295
2.79463772249642404342
3.81715862913764693337
4.26724735631765316581
3.21947200640104960674
3.55697905532208609320
5.67216008236721048204
5.55082876695003085914
3.86271924944073562939
3.28946804210042448012
2.60833280085191582900
1.83883115048663453949
4.44857280484426825346
2.20476756144497009877
4.93652711934209878295
5.08060035822539381909
1.39305419851490343943
.92005434622091753912
2.03720396622429537228
2.32467201987721270030
2.61260406491301318269
2.78179797972462407207
3.10866530845634779795
4.25724089052992161076
4.50682815292529209167
4.77403393368752669154
2.95374338763542558353
5.19023120872278675407
5.56714469005431903908
1.33660016459672785721
1.19323090808108050784
2.06690590013188553963
2.96197569200018925476
1.44235917856822334570
1.70261563483952537090
1.76141988179990746918
2.37897036551529998246
2.70066658438245575297
2.38405117394740501404
2.94153021402126685685
4.40765243638833210575
1.95987244482899957935
1.80249826629597621923
1.10711336366245710673
1.82882475923747270334
2.73104375651508007836
3.53594400408151260078
3.15222143892208181904
2.49731856197802686335
3.89756334137111875622
3.99791195500851419137
2.10318805626125596824
3.65838762298365535020
7.29067212265096996249
5.03156039415209643173
5.36247144514541914031
4.26555975224823219214
3.98735501303809164596
6.48963789436668030185
1.71423452304519873708
5.39640621154486479045
3.90275543686764979439
2.41375226566439497977
2.22697103708153330801
4.77469370745391373947
6.64572795109760718528
3.73509036035274520103
4.20224939764407605060
4.23558732645190541820
3.59467661966970263932
1.71933126534708255447
4.70423213712928924376
4.64401765715850826371
2.04279220676014916110
1.04828431257936889914
5.62361093960099625951
3.72784119833449987049
3.54172274465407582671
3.10518920518541027598
