5.75452865141881103485
3.62414127759942603482
1.24659536337979374019
3.32146052211974965692
2.04335508416917102401
1.07731146842498618227
1.09558203709261316092
1.39071923837991110174
3.49373725400179456597
1.50113290550836970186
1.43600139275698475904
3.01564255176239347347
2.32697228174295191796
2.88046871185923489801
5.55224279008041938490
5.22427028397268128939
4.13740256682861354846
3.12028844820474890659
2.68220058906861028226
3.40354227239797919334
2.57033071802054297434
2.23988839007661272354
4.58124437243856267964
3.26387806144776186857
5.10672106150316379310
8.24245715791110436269
6.02861509801380502763
4.36895868600287864978
3.09551288157552334227
4.10226766557229904995
3.78156052443961287974
5.60211567177972504241
4.28987179295605523111
3.31989457663944503754
1.61830157881650724168
3.43211305175106375020
3.58062843646195716239
3.93362428302449851550
3.88333619456260830190
2.72816788339720765066
2.71560306377791524246
2.19266960575459247642
3.24716799688590180586
1.34721935853074795400
3.28135642684545928618
.49132473986152987124
3.17096199914158542411
1.91682028369902221253
1.83423008371359998256
3.21513607799110114119
3.55973313606511801394
2.99542985229165398327
.38131351929875237509
1.05380263806843831605
1.60838428243998952602
1.25479081922047867683
1.74885676943539318536
2.93897941469483586446
2.36968352317350596883
5.97261249370825999178
5.82334955158970342914
4.31463787588251721173
4.41363795524734901199
8.29778283639672025852
8.45151465714874093301
3.52274041053268641212
2.85630880683444310245
5.57549997758048600998
6.49752260480869739313
3.68051626813413229341
4.20578173470759178910
7.22131566959927323740
6.44547903572729030096
3.94574454317559691661
5.04347102698131894403
.81743501270743229646
4.30852643023110628799
1.63061338152242575051
1.75857897178375245122
3.64376179243374799400
2.93669882691432966765
3.04310696492910022060
1.35797643573075302461
2.34373633329348717505
1.89823602325948919391
2.30694603317892982739
4.78565564996061955481
6.13108473273694040862
4.73422644156360564763
4.86083326190067951398
4.35309085593213870838
1.75507834582960996658
1.71078929152599035082
2.35036167429610713519
1.79379486006622284556
1.79340458346687627729
.67631353675643665915
2.02037125301267341111
2.44266248180136422219
2.19738480926759844568
2.82021275793157137472
2.83573623597118073008
1.35255314128502914064
1.84209120295386026253
1.69949992644895398359
3.01816169215633641141
3.09465668532068351628
2.78797417491625987263
2.86674030913161019793
2.17802662977292359826
3.37345520201469401400
1.57334039546437629753
2.31732604525129350646
1.77935381529363068944
1.31848397790796077614
1.02230132544177012819
.28053520278211075162
.90697298746985844286
1.13265175583671789053
.49809637621649085834
1.17596768663088697983
2.85676390344039456466
.69498201415576216334
2.12992957630058745564
.75617458301638253358
1.99032660636389021769
8.12037560707631306795
4.56584055788197667545
2.53292321241683124182
2.17204972318775428166
2.35263681855062363554
2.54214476377723225834
3.40120566858283358353
3.11810840093797893606
2.19155196151038134585
4.94685758840902958937
5.44985320903233135879
3.56805269019391023902
.94620293806350020231
1.08724422279449247943
1.61263759102905696838
1.88830611925079562826
1.77609121387388209780
1.78776396652354529997
2.88956744167704104479
1.40210555950684397819
2.84989473489811549565
2.91461832835793441560
1.69289692539150179649
1.95872407449339326284
.52621288467691476701
2.05168223660487931807
2.86543190461752205290
2.40312296813958315594
.84368240469977800764
1.61397025994904875136
2.04768161587684329143
1.39817738502666391825
1.85178292464316669970
1.66796282932204457444
3.00669253499588813543
2.89506476611491370621
3.64895875559042185236
3.08703741473925126121
4.28813479265752559202
3.95850982062694900673
1.99238550486596343336
4.00401048949674955768
4.66443994494515922264
5.80402446583403023476
5.36705692162846359353
4.33796035021068397962
2.84749012289770726080
7.20436673136508230600
4.24047167187802352379
3.32183684126719264128
5.20570840520288842657
7.87220426564250173357
3.84472365716965411136
4.75239939399036620994
6.03689489721330165879
2.37716217368525364140
2.98303536687046337137
5.01555580170333664686
3.04279476797236523708
3.90149971164935497294
2.69966664608799432416
1.23146254510642750607
4.96433278497725210669
3.56805269019391023902
2.37253029485399827633
3.24719879280588548324
5.76303739359723398281
3.72013440617405650208
4.09431312920738879824
2.19631509579112987528
3.88831583079358408231
2.02477159205674356972
3.82017015327851594375
3.17864751112796399666
