5.14963105474557274132
5.19758597812484483387
6.83763116876012843629
3.25456602329711541527
4.46700123125122946277
2.83083026690050775993
2.71171532429198769684
2.97149793875075740393
4.42963881146081706127
3.09809618959773422978
5.04656318696199423698
6.94447982213210840574
3.79487812716034399923
.99398189118313418094
3.55187274546822693457
3.42521532169876876486
3.05000000000000000000
2.98196244107802269951
4.03918308572414181919
4.48026784913580808558
3.80049996710959070098
3.30966765703144278709
4.64703131041743681514
1.37887635413767249067
2.83568333916183243494
3.34010478877534619183
.81657822650374409796
2.86401815636702973747
2.08636046741688431561
2.51055770696472938094
1.94527632998502297614
1.96257483933734358878
1.41014183683769910337
3.99974999218701168059
2.06097064510875554585
3.45962425705451429446
4.89819354456313822781
4.68428222890124330732
2.31831835605035056194
1.60514796825713236174
1.84285105203866109956
4.06809537744630564604
2.07954321907480441766
2.34584739486608548655
3.28466132196304220432
.58838762733422598712
4.21958528767934728659
4.38996583130210707110
5.48032845730983536639
2.95203319764531103418
2.05499391726593682392
4.45556954832937154995
1.67839208768392375307
1.55029029539631705713
5.32339177592632195703
1.41640389719881807447
2.22189108643965714973
1.10163514831363291973
1.69484512566782927276
2.04019606900905482555
3.52113618026909035934
5.14684369298310826407
2.58895731907654282982
1.46867287031523803524
1.99724810677091392755
1.76592751833137251216
3.99873730069880934657
3.41049849728745665665
1.14380942468577342982
3.04356698628434987826
2.73087897937642048122
2.12266342127055084370
3.20602557694101997630
4.62075751365509332761
.52924474489596965671
5.67651301416635527825
3.34095794645787183395
4.63399395769998819708
5.28016098239438150560
4.83860517091444443060
4.12481514737327350209
1.16520384482716156200
1.84729532019111659958
2.40312296813958315594
2.15879596071513900727
1.84599566630043852874
1.28085908670704288367
1.95166595502406609972
.83222593086252725822
2.90704317133406190493
3.97824081724573330284
5.32575816198970867239
2.91864694678887120788
3.79915780140809628886
3.48330303017121954215
.58189346103904621897
.71021123618258814478
2.30783448279983891915
8.80829722477619393826
4.11967231706600664678
4.63992456835237785959
1.95166595502406609972
3.50819041672483906806
4.72046607868333272699
4.46495240736113557961
3.23391403720012322779
3.39877919259254027815
6.12320994250564627821
4.85843596232367767945
3.70646732077864137210
4.45203324336195854511
1.39172554765657729518
1.52351567107135461850
2.21056553849914162638
2.46594809353319519542
3.59791606350120402583
1.08452754690694694221
3.31933728325399315694
2.38144913865486533090
4.11218919798201892022
6.28982511680571290587
4.75480809286768165776
3.94275284541143917744
3.67581283527874960816
2.35053185470863168219
2.31527536159308705238
1.21494855858180267236
1.76886969559659764102
5.50467074401366897958
1.90192008244300317656
4.42596882049568894158
2.63378055274162885219
4.68674727289620343573
3.52808730050717424137
2.54688044477945607394
3.86550126115617765943
3.09012944712677044836
5.74711231837346293567
4.91338986851236953620
2.66702080981757620780
3.01441536620287284522
3.24575106870505397358
4.15703018993126870940
4.62036795071561373153
5.72429034903017476210
2.67022470964523882708
3.82554571270557424507
2.09353767580141724088
.73702103090753115903
3.21721929622461390582
3.10596200878246416454
3.06649637208329336709
1.28561269439905578430
2.79780270927025874877
3.86649712271973635824
1.46290806272984906260
1.96822254839233055667
3.96272633423000836927
6.29366348004085772949
5.53441957209606579354
6.19584538218958462736
4.71391556988455193099
4.02725713110052112550
2.39453544555097367220
2.14688145923336903738
6.42474123992554271337
2.04286563434798618671
1.57616623488767833710
2.11754574921062803468
6.00259943691064563109
1.00846417883829666545
5.35855390940503648862
2.62842157957965335222
4.00510923696220800094
5.68721372905924821811
3.57666045355160880415
2.66236736758847763638
1.35565482332340041728
1.72293354485888398701
2.83303723943050208540
4.03288978277363786424
3.01706811325167135345
2.48237789226378665797
1.36301137192614794412
3.11032152678786570494
3.50368377568524297323
3.16559631033396297140
.68007352543677216725
.84386017799159121121
2.65331867667643722105
1.15069544189589975102
1.52072351201656640921
3.99045110231913504648
1.77048016086032435383
2.92284108360341753288
4.08384622629207232494
2.79901768483159105601
2.74657969117955869298
5.71218872237253729901
3.08358557526785690468
