1.48495791186147764165
3.58587506753930288122
3.73792723310660503285
2.62488094968133745263
3.91863496641368727528
4.60697297582696918515
1.84502032509129828284
4.27844597955846580535
2.95628144803569066405
2.53381135840851419923
3.02517768073215825119
5.47398392398077837102
1.96451011705208583789
3.13044725239062285657
3.42779812707808100873
2.23512863164516775423
3.41779168469934691542
2.22229610988274917602
1.96005101974412900740
1.75211301005386065251
4.18144711792460673228
.31496031496047244078
1.72255624001075796515
3.70526652212765930741
2.22786893689911660386
.74168726563154635303
3.13383152067879998851
5.91047375427723221693
1.31426785702154338276
2.74759895181229096348
1.84591440754981919611
1.80720779104119623646
1.09767937030810595443
1.08171160666787707349
2.40871334948764710830
2.15891176290278246285
3.83135746178818454553
2.49064248739155656442
.62497999967998975959
3.73826162808329936183
5.91639248190990114945
4.27408469733579332118
6.89107393662265098178
7.95866194784022724418
3.44302192848085125291
4.45853114825948031079
1.89807797521598147856
4.54872509611209633056
2.29795561314834799835
4.35544486820806859355
3.67241065241892576666
4.38426732761586973008
3.63089520641948574538
2.19947721061164896080
2.19533596517708423388
2.03681123327617181521
1.99812412026880852625
3.98883441621734907533
3.12424390853211074961
2.48640302445118498532
3.13467701685516557461
4.32280001850652350993
5.86410265940152176664
6.21979903212314408939
2.86211460287669123935
2.49377224300857114179
2.12572340627843678076
2.32320898758592099244
3.21976707232060499559
1.67764716195033096118
2.41147257915158554265
2.78858386999566502190
2.10014285228410117311
4.84818522748461003971
3.71517159765198463436
3.91806074480730836971
3.65297139326329792160
6.89655711206686085832
4.04465078838705183957
3.87025838930684316655
5.19839398276044483188
6.48381060796812602272
3.52308103795527246739
6.18538600250623000680
2.71339271024302709576
1.63343196981080298678
1.71443868365129932400
3.53570360748748282292
2.54703749481628165528
2.78413361748318394173
3.74646500050380825654
4.91109967318929498429
1.86962563097535652071
1.20917327128910685328
2.30028259133524722678
3.45535815799172980608
3.86648419109660915215
5.04767273107122110300
3.43179253452186412905
2.51581000872482419655
1.50748134316813354053
1.95992346789358078750
2.51135421635419641971
3.23984567533702135748
5.28779727296726079772
3.71421593341044187600
3.29865123952199590517
3.61765117168584953661
1.24903963107661239653
4.84204502250856812497
8.84016402562757881772
1.61328856687202739253
1.47529658035257439554
2.47341868675725824839
2.33970083557706154869
3.99552249399249409356
5.84226839506710783568
6.07526954134547021251
4.31930549973025177310
2.05175534603909342415
1.95289528649131620561
3.48991403905597651899
2.98358844346870334233
4.13602466143518056272
3.63560173836464106177
3.78790179386952955887
3.82917745736600721464
4.88453682553422868551
.95833188405687515244
2.54803846124818139488
5.55350339875650026598
2.94348432983768405180
6.03830274166507819026
2.66522044116429513774
1.57232312200768707006
1.76550276125527484262
2.43823706804732176764
5.63944146170522812706
2.46450806450293442735
3.62375495860302342270
4.96573257435395930726
1.86163906276162995644
1.54741720295465243350
2.71707563383870490297
3.55377264326236829677
4.32233733065803183153
2.68642885630719802242
3.60410876639426629832
1.77634456117049543547
7.36875837573739420004
2.07884583362980526719
2.29871703347758747145
2.00501870315466134805
1.08986237663293983441
3.37394427932649770961
4.03174900012389164106
2.90516780926679001366
6.52074382260183565938
4.82514248494280218390
2.22193609269033658226
1.34736780427617462051
2.91235300058217530630
1.16982904733982392253
1.56396930916178786759
4.22939712015790732840
2.82122313899485802441
3.02836589599077343723
4.17575142938369836104
4.14242682494211356708
2.78312773691758531904
2.46046743526509612693
4.43762323772534794941
1.77766701043811914465
2.28722539335326547961
1.33048863204463344260
2.35236051658754041416
3.86142460757684611303
3.45421481671305439960
2.12209801847134290188
1.91146540643559646922
1.27561749752815792895
2.89025950392001998170
2.16944693412860412376
1.84418003459532117341
1.21424873893284319935
.75113247832855689931
1.19272796563172777817
3.52347839499549081597
3.22071420650761870731
3.74478303777401768982
3.54477079653960137394
5.00674544989057737097
3.95744867307208420350
3.65487345882179619956
3.32556762072281429049
3.36765497045050623161
4.96924541555355263377
5.98091130180008605016
1.18503164514708213761
1.85075660204144618363
