3.70654825949966554593
2.48630247556486980223
4.94131561428735292640
2.10563529605675065963
2.59719079006529668542
2.16864012689980446188
1.30495210640084412256
1.22204746225341018871
1.49067098985658133052
1.70320286519251722400
1.56208194407335750370
6.20083865295654987662
4.79097067409100303292
3.24194386132764488991
3.58237351486413264544
2.60311352038285107133
3.40160256349856368695
4.05306057196287161533
4.38581805368166179242
2.45263124011743762996
1.98277583200925666316
2.79245411779674546544
3.51991477169547387892
7.75305746141481915432
4.65815414085880159380
1.82137310839926479902
5.12586578052917807767
4.92781899018216780117
5.09983333060993278574
2.51312554401884188878
1.92885976680524911611
7.48469104238778850077
2.91405216150981072310
4.21494958451462382375
2.21097263664659585944
4.75929616645150588384
3.72594954340500966478
2.04980486876190241914
1.50688420258492324536
.84958813551037775777
4.04027226805323108784
1.59392597067743393990
2.86464657505947843234
3.45747017340714018197
2.47414631741940436112
3.06369058489919964045
3.25904894102558699209
6.84962042743975704456
6.72629169751059785243
5.88807268976869883886
3.34773057458332509700
1.47874947168206961290
1.48744747806435168932
1.68789810118976080326
2.86027970660213579049
2.44501533737520755045
1.45948621096603718477
3.21484058702760563489
4.81369920123806655788
7.39191450167005110768
5.94098476685473415967
2.87200278551396951809
3.93214953937410676395
3.34750653472103023466
6.15790548806978686646
5.55392653894521726955
3.49758488102862201287
4.15044575919261954158
4.94939390228743058768
2.49553601456681045430
3.75283892540034283843
2.52962447805993528261
2.79127211142160054362
1.85418445684349322775
3.18835380721776233677
2.94363720590700511005
2.47172004887284919235
2.88008680424739976273
2.50744890276950608890
2.20658106581199504318
1.58344561005422601790
1.79524371604526163844
3.71076811455526010748
3.46896238088567342710
3.59973610143854850886
3.82111240347624424603
2.22611769679862165189
3.13663832789182119309
2.54703749481628165528
2.83822127396720074687
1.24201449266906704642
2.92277265622901296500
3.19513692977312006780
1.86488605550044263287
1.78272263686755265255
2.18718997803117230724
1.75182761709022043833
2.13843400646360840648
2.68875435843440335649
4.59631374037934882137
4.19195658374463606514
3.68941729816511810640
3.14606102928725780305
3.36965873643014479075
4.65073112531782469201
4.52686425685595304221
4.14722798987468254668
1.96596032513374999695
1.98831587027816080850
2.68644746831200851605
3.10626785709152905949
1.76889796200911487171
2.17905943012117042167
1.45365057699572354966
2.56957194878835801786
1.04292856898255500804
1.88077111845115273718
4.11720779169572640115
2.86590299905631837489
1.94097913435461742472
2.12574692755276021826
3.55149264394564106212
3.60186063028540847510
1.38293166859393309650
3.43147198735469790225
4.21574429964626768277
3.11136625937866723534
3.11385613026677904029
3.64355595538204957042
5.22779112054029947544
6.09486669255366076706
5.00458789512183510416
4.21656258106054913560
4.31623678683178826363
3.40136737210199039681
3.51109669476646569896
3.19075226239832038765
1.61582796113942773917
3.63622056536728805735
2.32637056377525547472
.97164808444209882052
2.54184972018410246534
1.29251692445398949986
1.88748509927893205606
2.19497152601121457007
2.76019926816887624505
2.16900899029948697905
.65627738038119217201
.65650590248679409721
1.31030530793399444276
3.44438673786786027335
1.41177193625599457160
.60605280298007037597
1.72568826848883689106
1.26921235417876389342
1.16726175299287520174
.70547856097829082080
.60967204298704725829
.64233947411006899755
.70746024623295972163
1.04928547116597397400
1.66090336865213203167
.86452298986203946987
2.04416242016137259777
4.02523291251574658491
1.39839193361517928916
4.46598253467252153337
4.00331112955263570780
5.62986678350385125700
3.84815540226742922009
5.80932870476443259074
3.99824961701992788423
5.37696010771885864844
3.38777212929087070851
3.27873451197256896779
3.16360553798984237395
2.99270780397953318131
2.36283727751193226344
2.98546478793503776270
4.26136128484783603896
3.09169856227931768270
3.75623481694102824895
2.89401105733893145400
6.71134114763956847093
1.52584402872639639923
3.97835393096189972457
8.30217441397131815279
6.30625086719518318909
7.31661123745139270195
4.80261387163282157611
4.51069839381885518679
2.81416062086015268013
4.82922354007349715685
4.25565506120973108174
3.89313498353190933897
3.25680825348991032674
3.64880802454719450810
4.00683166604238566432
3.37539627303224946841
4.08220528636177237509
