2.51900774115523511624
2.49571633003432503484
2.60326717798999647741
3.53386473991294692280
3.01016610837342330210
3.17630288228311123698
2.76459761990782304153
1.62323750572736582514
1.75661606505234945149
3.32416906910584197499
2.28635080422930723975
3.65149284539898831772
3.99525969118404116787
4.26656770718571862206
2.41151404723256795711
2.73364225896513386483
3.97141032883785505219
1.72913273059068545294
2.66011277956405449843
2.72912073752701531151
2.70852358306144345817
2.10352085799024108464
5.90826539688257402843
3.87711232749323371986
6.53499043610623809763
3.06351105759388438346
5.72151203791445325662
2.68663358126857336429
3.17726297306345103858
.86977008456258140035
2.72055141469519006037
3.95648834195173637187
1.39660302162067514266
2.76575486983210426381
3.68332730014588847425
1.00767058109284901361
3.11913449533680737048
6.65462996717323118809
.42941821107167776938
2.63260327432752388879
1.86555621732501001573
2.69165376673895411321
3.86146345314830087153
3.62786438555798278891
3.53600056561081449157
2.36019067026373951811
1.89739294823186269793
.58292366567158688312
1.09279458270985219960
6.68087569110517128172
4.23733406754766032572
3.96377345467674274852
1.60673582147159462650
3.04489737101269145550
2.57178926041773492743
2.43361870472759146238
1.92909305115123982709
2.68843820832839674920
2.21506207587959033252
6.52243819441778995842
5.18051155775180179261
8.41338219742809496954
4.87779663372715857632
3.52535104634985251847
1.43062923219120613633
2.80290920295324586170
3.59729064713987212734
5.68040491514469415469
2.57833279465626779666
1.86884991371698974108
3.49529684004091417883
3.25448920723360211913
1.17000000000000000000
2.74958178638133984857
2.38172206606900293881
3.09745056457726214345
3.33606055100922890907
2.00284797226349658852
3.43029153280009132229
3.33594064695401917458
2.42346858861426136702
5.40867821191092861266
2.39912484043661221060
3.72088699102781136856
7.96872009798311337324
4.71370342724274497816
2.80157098785663469755
3.77466554809826826861
6.95615554742704125509
4.34950571904440654455
2.94538622255214604648
4.10342539837146302176
4.32863719893455612298
1.16112014882181766400
2.21975223842662224265
2.59277843249283450992
2.43238566021097896127
3.21442063208908612803
3.27710237862658175453
2.90248169675538178061
3.66597872334251279953
3.54464384670731059329
5.01418986477377021152
3.43816811689015579469
3.10827926673264028964
2.65054711333339630565
2.45505600750777170533
4.36095173098717064898
4.14465921397646395204
2.48596057893121064672
3.82389853421871015000
1.54457113788909055867
2.06903359083413626438
1.69224702688466851387
1.77533095506161892642
4.82101649032649545032
6.63024132290823936341
6.18991114637358910126
2.66947560393422588026
2.02239956487337091198
1.50366219610655903461
4.82461397419524124977
5.15888553856353746490
4.16649732989234015661
5.41890210282488864229
3.74456940114614513469
3.27394257738281048184
1.81532366260124533198
5.14324800102036689645
2.44560830878536230082
2.37903341716756891796
3.53474185761845980944
.59548299723837623607
4.63458736027275679618
3.19302364538692384547
5.37286701864097879702
2.74379299510732040938
4.06056646294577968701
1.91627242322170883971
2.76237216898809636121
1.41184276744969019938
2.65898476866641716383
3.30679603241566745411
4.64906442201008868747
3.88785287787488172591
3.19957809718719008485
4.08473989379984879350
3.85987046414772836480
4.69085280093076465745
7.14591491692981186449
3.39542339038889228183
2.11293634546807869519
3.50528172904832287176
3.42874612650163995777
3.60163851600906778174
1.40698258695692463783
2.69351072023112616383
2.23870498279697407743
1.36209397619988027021
1.21942609452151711775
.85404917891184697280
.90917545061445648341
2.33878173415135085794
2.00087480867744446696
2.81199217637602967780
2.44934685171373799040
1.02435345462393985133
4.36828341571377440313
3.91788208092076196422
3.34402452144119302060
4.39074025649434198001
1.73037568175237599182
3.56383220704903557893
5.85035041685538696245
4.46105368719095332072
2.67172229095765115974
4.23615391599502673216
2.99046819076879665779
4.89743810578551365116
2.62590936629579810789
2.87560428432008008788
5.41734252193822427866
4.33685369824715207673
1.71496355646410165924
2.18942914934464138736
2.65851462286743873384
2.25754291210599139742
2.46728595829506556205
2.95744822439886511024
.35524639336663222484
2.01494416796098844164
3.80594272158686066582
5.44306898725342264056
2.97860705699828758060
1.87085541932026377525
4.33804103253991824203
4.38062780888767129690
2.53956689220819698415
.98066304100848013961
3.42620781623065006981
