4.08765213784147733218
1.71746906813485290204
4.57355441642493196650
2.58451155926995226894
1.91911437908218487716
3.85333621683859816286
1.43697599144870893002
1.83032783948668605721
5.34936444823121020450
4.76145986016893772574
2.58646476875290145522
2.64896206088346988239
2.96337645262966885173
1.03600193050013183843
6.52295178580985680429
4.89483401148598704961
4.37804751002087687486
2.50930269198436879212
1.42193530091913816302
1.66093347247865409499
2.65817606640342768699
2.03901937214926920860
2.21722799910158089271
4.55361394938130432638
6.07329399914082868368
3.08915846145839530644
5.78224869752244399258
3.49957140232914807718
2.77978416428326319796
5.65351218270554361772
3.94025379893224644550
4.24071927861300434841
2.30523317692592651094
4.14981927317323061275
2.95519880887902362459
3.75321195777696519903
4.78900824806138750087
6.71231703661261816594
1.70202820188150819018
2.08088923299631688973
1.66988023522646677261
3.54718198010758957452
3.15049202506529128969
2.94757527469613572886
4.54995604374371950920
3.54702692405907739537
1.43527000944073237470
4.86549072550755151472
1.23753787820817832129
3.30059085619529643633
2.35798642913821707177
2.54752821377899561821
1.98829072320925945620
2.34936161541811183137
.58557663887829405109
1.14498908291738747040
2.36936700407513905262
2.24006696328480323400
3.53584501922807697032
2.27275163623304867262
3.81216473935741659469
2.75769831562482555757
6.29084255088298963222
2.66458251889484556079
6.38846616959031880572
6.17874582743132427033
2.49995999967999487989
2.09554288908626253389
1.88947082539000850273
3.00848799233103139204
3.40906145441820980969
2.56645670136863988356
2.84024646817842201150
3.68838718141140925422
3.58726915633605614173
4.06160066968676771711
3.63410236509650344219
3.67964672217320340949
3.45492402231944892302
3.50264186008218659272
4.40256743276011616844
5.75046085109706663760
4.95606698905493003627
3.13322517543824162347
3.59808282283774007068
2.81215220071745049920
3.49655544786579925329
1.34294452603225573444
1.06117859005918508966
2.04821873831873728417
1.43405020832605439149
1.09242848736198746200
3.32969968615789733356
3.74013368745022268087
2.73280076112401578787
1.67370845728878361308
1.45492267835785692656
2.27228959421989168251
2.65009433794346272136
4.43309147209935202347
4.17694864703888836306
4.90699500713012749647
2.88211727728071468219
3.36135389389454201218
3.47696706915668098336
7.82585458592223012946
2.88203053418939335150
2.39793661300710782570
2.33542287391384432333
2.78305587439418829933
2.61963737948594709694
1.77045191970863755506
3.03428739574879426087
.92076055519336839150
2.99046819076879665779
1.22106510882917295811
1.90349678224051642340
2.79746313648634161943
2.66398198192104895475
2.23398746639277275959
4.14462302266442562885
4.54155259795590168831
4.53392765712025890502
3.24243735483046765370
1.47820837502701221842
5.67800140894663744887
3.15379136913017757722
3.79938152861751961221
3.86123037385753506402
4.09527776835711108520
3.56826288269236127478
4.18668126324419399310
4.55607287035666276556
1.88663722002933038711
3.71478128562099871037
4.17391902173484913430
3.02884466422429791796
2.27763034753227680117
2.37705700394416288386
1.28230261638975064519
2.35824086980104727384
2.57792552258594158168
3.69471243806605333489
5.12598283258927819051
3.21610012281956172310
4.22339910498640893008
1.89731389074132907429
4.52047563869113224535
4.40748227449640459696
4.51177348722207019442
4.30713361761624479092
4.22498520707469459892
3.93003816775359065977
2.01645728940634891891
2.55227349631656834317
3.82253842361329312511
3.14771345582789666988
2.93445054482095506315
2.60409293228947572442
.50695167422546303294
2.58478238929314898719
5.84952134793950469945
3.35038803722792682729
1.68872733145407461898
3.85072720404860671298
1.75707142711956931987
1.71679934762336160435
4.51280400638006879528
4.78957200593121890273
6.26866014392230391234
1.67696153802047588881
4.60803645818910595129
3.63518912850487051519
1.94571323683630214439
3.98138166972220838349
1.79649659058958416938
4.32492774506118194409
5.49699008549224145314
1.05157025442906095925
4.77100618318610021061
1.49495819339538722767
1.84667268350403667306
3.58276429590337410462
.53075418038862397640
.94498677239419600248
2.39094123725364693455
2.54259709745763691650
1.08342050931298139239
3.48465206297558494134
5.45610667051149211675
5.51472574114071424327
3.10916387474188950959
4.97875486442142479580
3.49619793490013948895
3.21765442519857933857
7.04418199651315085185
2.63886339168968729698
3.89520217703779786742
3.94205530148931320138
4.11601749267419902203
