8.05603500488919176593
1.94365634822619813858
1.12809574061778994024
1.17383985279083108833
1.28627368782852741677
.23430749027719963182
.31464265445104546409
.59941638282582834324
.35468295701936398511
2.65096208950637391041
1.79092155048734616537
2.90884856945149346493
2.52350946104824421757
1.83937489381583111788
1.02479266195655401950
2.08501798553393778632
2.18874393203042369965
5.30149978779590257185
5.57634288759218966305
3.79574762069345174212
2.69172806947507236489
1.41506183610469828824
1.87949461292125016827
10.02833984266588364804
4.90505861330932517532
4.87986680146087594008
3.69833746432096161140
4.50744938962158509114
1.23947569560681584185
6.29020667387010424611
1.45155089473294046121
3.73796736208330208582
6.02791008559351356222
3.24151199288233391536
4.35268882416374901602
5.07809019218839790783
1.61941347407016470087
2.25862790206797896982
2.75256244252514642204
3.25089218523161730522
3.87393856430377584272
3.43262290384481353678
1.97772596686194116421
1.16090481952656222056
.72677369242426490020
2.06351641621771451319
3.72083324001492977417
3.64299327476733066779
3.82092920635805551691
5.36777421283719794279
2.36814273218486558350
2.22083317698561050652
2.40943976890894701609
1.79833256101311806281
2.83384897268714727813
2.68867997351860379419
1.89404329411975163540
3.46072246792486958592
4.20837260707746742171
7.98334516352637730544
2.52558904020428470024
5.08713082198600432257
4.68662991924901192106
6.36824151552059149759
3.89185045961429509805
5.10968687886058239235
1.57165517846631994609
1.01000000000000000000
2.49681797494330771649
1.70909332688416989208
2.67368659345107238019
2.45383373519886224584
2.65755526753443078794
2.27345551968803647407
2.13272126636370370301
1.15347301658946491369
1.46577624486140448571
1.21053707089043745649
1.68017856193917674923
1.37091210513292937368
1.19920807202086494294
1.37902139214734446410
1.60853971042060382202
2.73355080435685336102
3.33463641196457878538
4.07569625953652242964
4.39288060388624721383
4.67480480875939888690
4.68722732540251348112
4.04871584579604697157
3.13557012359793988390
3.36787766998743587085
2.42499484535534631721
1.05328058939676658222
1.75704297044779186584
2.35367797287564383579
1.45904078078715812157
1.21202310209005504747
2.08052877894058461399
1.20258055863214419420
1.40210555950684397819
.65833122362531157709
2.03651663386283196839
1.75581889726702736612
2.35393287924698481620
1.74037352312657296412
3.85377736772637139841
.97334474879150604066
.69195375568024775336
1.79724789609001907436
2.18291090060955076078
1.76530450631045521046
1.74407568643106770419
1.44948266633306105224
2.75755326331151761490
2.11813597297246240786
1.24931981493931328744
1.80430041844477772653
1.67696153802047588881
2.86769942636950708722
3.02087735600106744883
3.18700486350429029275
3.74558406660429929803
1.28988371568913141310
1.52663027613106114501
2.33993589655785228735
4.22706754145234826291
3.44689715541383682868
3.29622511367169824249
2.55050975297096246959
2.97218774642518166748
3.44233932086887680776
3.41175907707446423670
.90719347440333806669
1.92875607581674256666
1.46870691426165758348
.80975304877474836216
.25377155080899040760
1.42891567280928093262
1.71490524519578048901
2.21228388775039447919
2.63702483871502431474
2.61030649541390062411
2.23700692891193343303
2.21885105403675079580
2.24437073586339563108
3.70363335118367244676
2.44241683584108959523
3.13202809693655206838
1.89625947591567752724
2.14128466113219052312
1.53427507312085338460
1.21132159231147200746
1.87112265765769615406
1.41668627437411138348
1.49187801109876272618
1.27573508221730737195
1.86335718529754783029
1.88576244527246856507
1.39964281157729667382
1.88194048790071998918
2.99854964941386288195
2.45821073140607699202
1.19674558699833942608
2.17846276075585005626
2.14336184532616890567
2.38128116777502777948
1.57410291912568410686
2.20022726098919154356
3.81583542622058059848
6.07741721457396735800
7.34667952206981735850
8.29354568324067290779
3.44228122035373513147
6.11693550726178573791
1.88440972190232557184
3.23990740608431586084
2.95819201540400348637
9.06151201511094394465
7.15721314479316034292
2.77030684221080463330
2.23559835390885900517
12.30289803257752762555
7.57773712924907418235
9.26661211015115275500
6.82554759707966581256
5.42248098198601338349
7.13768169646139375950
4.44636930539963133188
2.54324595743313823909
2.24557342342663113376
4.65923813514613137765
4.64850513606256005823
2.56136682261639361619
.96114515032850267199
4.64853740438861048861
5.63595599698933064691
1.60913019982846633540
3.19779611607744623578
6.29325829757527114325
