8.41745804860350937525
2.60785352349398642370
2.64850901452118905186
1.55109638643122368664
.75239617223906714928
.98331073420358836231
.71239034243875035844
2.37794028520482406162
2.35507961648858062549
.74973328590906246357
3.49449567176724372602
5.68001760560651783619
7.15604639448347903177
1.15017389989514194331
1.70437671892102539362
1.48701042363528844229
1.33000000000000000000
1.82718362514554075674
1.37386316640340860402
4.00911461547309719714
4.57814372863063354480
4.39517917723498503562
6.83561994262407775066
3.37504074049484623402
3.72554693971234242453
3.15193591305407096470
4.08595154156287076248
2.94967794852251624585
2.75575760907957940813
3.31864430151831728361
2.38899560485154513814
2.10049994049035859523
4.60755900667587761279
6.35545435039856139473
4.41693332528350488796
8.15457540280301779980
.47042533945356302415
1.12472218792019925190
2.54371775163833772385
2.99879975990395197310
3.96460590727502195704
1.30372543121625114673
1.36575986176194239479
2.96170558968983275949
4.55310882804265946968
5.11301281046703422006
4.33384355970540311795
.99829855253826748198
1.81300854934553466379
1.58647407794769845713
1.17524465538031697104
2.45466902045876645312
2.90287788237810651448
1.26126920203420490877
1.82167505335062433027
1.74685431561993743726
1.59062880647874600221
.34000000000000000000
4.34274106987741096201
2.17855456667947612828
2.50946209375634921145
3.86041448551836205545
6.20468371474324225283
3.39961762555732140974
3.46088139062869359120
3.89765314003183202700
1.01931349446576051890
3.66890991985357961581
1.29718926915080514784
1.76394444356958136030
2.57118649654201474456
2.52495544515145850919
2.08506594619930426794
3.16186653734783688766
3.17631862381594205203
2.81355646824441751775
2.03622199182702080942
.70349129347846231891
2.39392982353284533368
3.44785440527873798443
1.98022725968510998073
.96519428096109230935
.69173694422085047401
2.98837748619547727980
3.39284541351356000738
3.96195658734418744514
2.55579733155819692823
2.07788353860364368593
3.52286814967577235325
3.84538684659944193760
1.03889364229453247722
3.11693759963204909842
3.80571938009097039624
2.43090518120308427631
1.11440567119877849264
1.86772588995280568177
3.34571367573496940446
1.97509493442720367886
1.65728693954909329092
1.77780763863810642588
1.36477104306912959941
3.50961536354056895674
4.36372547257501064719
2.50161947545984699067
3.39250644804103504300
3.62196079492862539736
3.53628335968711647585
4.32872960578505064933
2.66880122901650358184
.46141087980237310394
4.22191899495951958985
4.33352050877805353902
2.31527536159308705238
2.07925467415610250444
2.73806501018511246012
2.41165917990084162721
2.72926730094360673267
4.39588443888144084137
3.22204903749151527403
1.76606908132156597131
2.34880820843252333862
3.81388253620900076089
2.56729429555709487226
4.08101703010413814666
4.35446896877219691135
2.74508651958367243008
3.51264857337024251313
3.34792473033669023076
2.07417453460406749831
2.14144810817353218441
2.72868100004379405287
4.97700713280581907586
6.64947366338118524019
4.60239068311241912978
5.07755846839797601557
4.78124460784009669140
2.55313532739649348967
2.62543329757204077401
3.07730401488055775096
1.50429385427183076024
.96726418314749978133
.51205468457968432104
1.53928554855816144636
1.71685759456048072082
3.61857706840686205109
2.16344632473283237681
.71902712048990196625
1.27015747055237210063
.98888826466896653126
1.71073083797539582436
2.22730779193177519849
3.78085969059948057734
3.63995879097552421727
2.81746339816509417595
3.00389746829015453997
3.33749906367028064219
1.49505852728246060460
1.79382273371701920796
1.48354305633506977093
1.15433963806151956985
1.41739197119216108532
3.22876137241512476565
.96793594829410070836
1.46523035731587270441
1.89052902648967545546
5.11379506824432689839
5.30337628308608703797
2.00012499609399412155
2.69146800092440259351
3.70661570708375431931
2.78404382149419480002
5.00178967970465547442
8.34427348545096525109
6.51900299125564138592
5.66167819643610616965
2.84510105268688127839
8.35066464420647178464
4.22722130956021747768
6.00363223390640409736
6.52745739166484333781
5.25677657885514476237
6.49184873514471222695
4.75013684013418712375
7.54165764272019974594
2.61367557282842585011
2.83700546351253965998
1.33813302776667163466
8.03560203096196147104
4.31038281362572250129
1.39035966569805239010
2.84910512266571168018
5.68666862055456859025
6.06271391375182736322
2.30681598745977135643
3.26534837345113913344
1.22910536570303849601
4.87579737068717817733
4.75926464908183058270
4.83114893167246501105
4.33392431867470431489
