2.18506292815561721524
5.47208369819029723510
1.07935165724614514995
2.21192224094790456989
3.05486497246604993050
1.67874953462391166793
2.38943507967887673263
3.22131960537913716649
3.17537399372105458452
2.99634777687771083606
3.65762217841044921669
2.83638854884164274648
3.07197005193735572002
3.50583798827042205920
4.50709440770880680251
2.56984435326344229551
2.85199929873764169549
4.18077743966358486663
5.39034321727290385718
5.97361699475284404511
4.42001131220271878615
2.33582961707398512898
2.73877709936387484757
4.16894471059523647408
4.01024936880488767442
1.75082837536978478112
3.43141370283444546368
6.15138195855207807628
1.63128783481027651535
2.81923748556236390008
3.34480193733500459415
2.53615851239625793228
3.62586541393913295922
2.88639914079809828369
.97452552557642121516
1.81639753358123672607
1.03024268985516223365
3.60316527514350915043
1.93840140321864191535
4.30297571454917695541
6.65143593519474560082
2.83741079154922507671
3.87409344234235011049
3.02076149339864301707
3.47086444563886706681
3.13399106571796084946
4.61680625541076826331
4.55791619054146277530
3.08833288361212771645
2.68318840188310295252
2.20349722032953787885
2.95780323889199904973
2.69853664047757557958
2.14221847625306415664
1.90139422529889892373
1.07060730429042001749
1.88093062073006828913
3.17679083352996345805
4.37132702963299235242
3.96748030870979875112
2.46675900728060583684
3.83400573812820473196
5.41225461337509508709
1.61403221777014104310
3.35328197442445928285
5.94435867020152141155
1.36883161857110825579
1.15173781738727325684
5.31701984197915138831
2.79175571997264832325
7.12754515945006131674
4.59822791953595967028
1.48124947257374576254
1.71096464019569966097
2.81284553432996032335
1.93051806518354031174
4.00409790090102567162
2.85497810849750650062
2.37951675766320250556
2.57780914731870714571
3.81594025110456885413
3.56967785661395501785
3.62175371884947472334
4.23680304002912082502
1.78717654416120848998
2.21871584480753190478
2.34106813228491921223
1.62594587855807795949
7.02125344934933964672
4.11810636093824074994
2.88189173981258359135
1.10887330205032892206
1.13212190156360812274
1.02776456447962828175
1.35029626378806217890
2.81145869612199709441
3.89679355367974298849
2.96408501902357719803
4.42254451645203906137
1.96150452459330309850
3.53728709606670179309
4.66362519934867836287
4.81601495014290834998
4.79714498425886644579
1.09348068112792920983
3.90354966664957396184
2.66677708104745792979
2.26329405955125504102
3.55643079505281530791
.92320095320574707474
1.87584647559441814785
2.32062491583624948375
3.60219377602038505326
1.59731023912075389913
4.21029690164482343243
2.55663841792303512275
5.40498843662037819164
5.96539185636618510311
3.31241603667172218936
2.67054301594263783542
.92293011653104050172
3.47197350220303380701
3.83843718197914501183
3.67995923890469199854
2.96089513492119473947
1.38340160474100939941
2.51485586068068720239
4.22026065545719580972
2.37936966442795517120
4.35196507338926147315
3.74191127633994015841
6.79689635054117917361
4.65349331148117156074
4.06278229788404980443
4.54806552283495581567
3.63535417806848635533
5.17882225993516792368
1.77682300750524952222
2.96261708629380587389
1.42186497249211396416
3.65856529257029933903
.61432890213630678569
2.73038458829520937508
2.67536913340944411816
2.90144791440411695700
4.55291115661177820879
6.10037703752809036159
3.67442512510460607426
3.32453004197585797662
3.69997297287426141544
7.01047787244207768207
3.94465461098940828421
3.33444148246749113646
2.70246184061866079848
2.52513365982872280906
1.63098129970885932288
1.98942202661979190221
2.06978259727924082282
2.53820802929941106905
3.57309389745077928031
2.03435493461686768657
2.48961844466175177796
1.42302494707577069939
3.54650532214460380330
3.01232468369530179368
3.82608154643886282132
3.08110369835226415736
3.29937872939739974920
2.58930492603710156383
3.35922610135132166277
1.45420081144249125329
2.93395637322711395493
2.53808983292554087643
5.62074728127853120611
4.89466035593890824975
4.34135923415697079768
1.95872407449339326284
7.02200825975019770198
3.79073871428775739618
3.01001661124984491338
4.19172995313390864912
2.31192560433937839114
2.21959455757126959125
2.46473122266911691751
2.80039282958659212461
2.33163033090582350144
3.78079356749347001424
3.27865826215542018632
5.83829598427486374044
2.18256729564061781302
2.86029718735658655333
5.08323715756013099279
3.99809954853552889870
3.14307174591990502338
3.84330586865006100830
4.56829289779015811301
1.28007812261595971703
6.54749570446594489401
2.74767174167512229775
6.17904523369104330754
