1.90976438337298562156
2.08148985104419858182
.60423505360083173512
.58804761711956626208
1.04627912145851405209
1.42720005605381055842
1.33334166664062516275
1.29668808894043597596
1.47610975201710526467
.90116591147246576262
1.09949988631195410415
1.32007575540193904433
1.26759615019926594915
1.18852850197208144193
1.72165617938077287871
1.98876846314496851737
2.63910969836420403390
2.32144351643540963410
1.49495819339538722767
2.43162497108415137282
2.40736370330700134530
1.66018071305505775051
1.39039562715077610387
4.14433348079036709171
1.70678059515568667013
8.99229114297351918207
6.95307845490039037859
5.41053601780821712330
6.73987388606048028626
8.39931544829696225405
3.11080375465891451337
3.02630137296337358681
2.02926094921279160755
3.15058724684779996016
3.88786573842256029107
3.74163066055429901781
4.12083729356061812468
2.54780297511404912010
2.00407085703075878045
1.40067840705852248102
.66377707101104358649
1.53264477293337610495
.91858586969319313604
1.64140183989174326744
1.77904468746571961988
1.78798769570710413208
1.09045861911399462329
1.23798222927471782025
2.45328351398691790092
4.85637725058504901978
2.81700195243098828775
2.19519930758006572399
1.36630889626028564478
1.46577624486140448571
1.51198544966543907545
1.65181718116745595255
2.20404174189147334306
2.41099564495666395635
1.82576011567785103700
3.74962664808111262174
4.47147626629058604913
4.13474303917426046375
4.48772771010006800301
4.20991686378721735441
5.29208843463523387103
3.16665438594109919326
6.38415225382352547163
7.74140814064211447192
2.28825260843290638649
2.24653065859337873403
2.98730647908780862671
3.48881068560619952707
2.64054918530217876341
2.54161366064947014794
2.58573007098575546577
1.83980977277543560720
1.38181040667669021575
1.04871349757691208996
.84029756634182869683
.67771675499429700908
.24020824298928627732
.29257477676655586914
.57253820833198547326
.37456641600656084447
.49112116631234699819
1.05004761796787101706
1.52872495891183774444
1.51739909054935181874
1.16176589724436308227
1.10643571887389824992
.72249567472753772880
1.28724512040248185203
.67808554032658740952
.97283092056122476025
1.07591821250502121984
.52792044855262047331
.35185224171518361949
.66835619246027787514
.64815121692395209141
1.54622120021683831522
1.66165580070001260174
1.96020407100893451848
1.88997354478839200496
2.48372703814247671848
2.27088088635225427580
2.32774569057704411422
2.40887940752541616308
1.10040901486674490075
1.00662803457881104256
.43023249528597906687
1.13375482358400574965
1.02415819090607286906
1.23725502625772347274
1.19251834367442750880
1.01414989030221760410
.86856203002433856105
.49050993873722885045
.93107464792034800629
1.35096261976414432545
3.70087827413980207498
3.54921117996661337012
2.65716013819265322803
2.52428207615551554864
1.33195345264014387778
1.06028298109514141158
1.03817146945964566898
.82855295545909435854
1.42611359996320068751
.83958322994209454373
1.04985713313764744835
1.13225438837745292264
1.94350199382454969479
1.75968747225182006181
1.45660564326793681415
1.03484298325881303721
1.40420796180622761771
1.10068160700540462878
.75927597090912866580
1.12432201792902730647
.99065634808444042998
1.37393595192789099676
1.71330090760496592926
.87783825389418978088
.69094138680498796706
1.35933807421112132990
1.60940982972019901851
1.19866592510173575885
1.04814121186031035672
.54598534778874789873
.50368641037852113168
1.07953693776544765342
1.24132993196812909204
.81154174261093926800
.82352899159653146967
.54092513345194083336
.39673668849754745110
.75591004755857029155
.63458647952820425655
.78000000000000000000
.80529497701152960811
.87749643873921220604
1.02771591405407360267
.92352585237230906659
1.61783806358980193206
.46497311750250680486
1.04479663092871810810
.94207218407083859722
1.22126983095465025083
1.09827136901587305286
1.10077245605074984543
2.18371243528079951262
2.60624250598442968453
4.18432790302098575865
3.40005882302056650756
4.97515828893915695885
7.13213151869761863269
5.59519436659710687480
1.59705979850473977172
5.13945522404855668570
5.98857245092684839265
6.82362073975393213309
6.37037675494942763593
6.96768254156286887875
12.58804988868410864306
13.52896522280991008387
6.47065684455604553271
4.96920516783116935532
10.28642795143192552561
6.16867895095862482023
1.29946142689962136482
9.88689030990027723388
3.08457452495477891314
6.80486590609984026009
5.96647299499461406889
10.09427560551028347044
8.38731184587767667676
7.79659541081875044349
10.11064785263535919179
5.18082039835391321394
8.46538244853710079559
