.91956511460581191406
.72725511342306834274
.68600291544569983700
.87481426600164677469
.74350521181764422114
.72739260375673328673
.72739260375673328673
.83558362837001539710
.38535697735995387060
.66287253676706202790
1.00628027904754249933
1.10589330407594023012
1.29313572373513832950
.73552702193733168106
1.23911258568380298733
.79649231006959508497
.36810324638611923005
.99989999499949993749
1.05228323183447145529
.50695167422546303294
.26683328128252667424
1.01311401135311518304
1.64395863694923906075
2.75630187026022242257
4.36954231012814430214
7.83573225678366322777
6.79089095774626615378
5.99951664719750569340
6.34835411740712523400
5.67180747204980504176
3.59601167962508152919
2.19656550095825733379
5.29397771056886864939
6.46286314260173700608
8.22541184379238241191
5.66011483982436525969
2.86581576518798570168
1.41710973463595965801
1.21659360511224125043
1.03807514178887840277
1.21885191881540720656
1.34558537447461876015
.70164093381158998625
.76164296097318460020
.32310988842807024187
.98356494447494416584
.88532479915565451193
.91307173869307771933
1.02088197163041330690
1.12800709217628592000
.57523908073078623193
.99297532698451274258
.68080834307461303319
.91422097985115174231
.77414468931847617500
.64101482042149384301
.74006756448313555312
.50289163842720630385
.57175169435691224718
1.18865470175320469305
2.25519400495833173895
2.57505339750460320430
1.93375282805223067112
3.51186560107302511788
2.89741263889008394723
2.06295903982604560097
2.65618146970420678748
2.80878977497426816590
1.70238068598066513661
2.18417032302886122700
1.97273921236437128818
2.02049498885792834821
1.97762483803172334650
1.82857868302132407856
1.59402007515589338640
.40570925550201587679
.53944415837044708885
.58728187440104091807
.52478567053607704237
.34828149534535997222
.40804411526206330035
.46914816422959602155
.70774289116881986524
.69238717492455043306
.19339079605813716180
1.10548631832329792972
2.14191503099446034024
2.63501423146061964490
3.60873939208693760726
2.24842166863780246748
2.38178504487705607056
2.87508260750886947450
1.95542834182181168466
1.62702181915301922603
1.95964282459840114609
1.30579477713766338988
.79949984365226738923
1.41070904158157290801
1.87531330715696677157
1.47912136080850377258
1.79538296750303387743
1.86903718529086520686
1.63379925327440396648
1.87026736056639773675
1.94386213502912803664
1.95872407449339326284
2.00611564970716481373
.95838405662865656834
.86452298986203946987
.39812058474788765938
.26589471600616662122
.52009614495783373379
.12806248474865697372
.15427248620541512489
.15842979517754859484
.88977525252166909207
1.49763146334470417335
1.58448729878153330686
2.10487529321810416845
3.13678179030674685533
1.97651207939643009913
.98681305220391161990
.52182372502598997870
.65946948375190189690
.76954532030283960398
.85428332536694171390
.52469038489379620039
.71112586790244102327
.73925638313104879135
1.23393678930486548647
1.50259775056400240838
1.37306227098409487977
1.51069520420235663102
.98417478122536750967
1.05612499260267484685
1.31825642422102385140
.77549983881365184974
.89263654417685589173
1.05328058939676658222
1.00975244490914702612
1.19021006549264235332
1.20739388767709106702
1.27416639415737221051
1.04216121593542330402
1.57413468292900528416
2.01447263570394522249
1.85730988259902391550
1.72374592095238908501
1.45337538165471896092
1.13428391507593900112
.79309520235593406343
1.46044513762071870578
1.56425701213067924671
1.42807562824942853234
1.39247980236698586018
1.58871016865884005079
1.51795915623576644375
1.61099348229594026498
1.66195667813574490898
1.63636792928729815045
1.62656078890399912406
1.81264999379361706934
1.94375924435100758185
1.57901868260005080916
1.53626169645669419065
1.73533858367754850078
1.63954261914718154727
.54442630355264797767
.52630789467763069077
1.89010581714357992713
1.70194006945015546278
3.43093281776253963419
4.86922991858055517719
4.82201202818906290624
7.54717165566015200329
9.68583501821087183853
7.07367655466377682184
9.20310273766407543085
11.71703460778366054920
11.49294566244877014384
14.36987125899184943703
12.21617370537927477124
10.92614296080734978774
9.85050252525220156851
3.55259060405220347984
4.94665543574645999418
7.84363436169738855580
8.47473303414331748470
3.93788014038010049740
2.77353564967173263121
8.67345951740134658478
6.21202865415155663220
3.74487649996632065169
5.49714471339439998919
5.92313261712077488412
5.97498953973979773694
4.27071422598141071169
7.30844716749050598211
5.82362430106887990686
4.42123285973494049349
