4.60601780283142197062
4.21010688700417676224
6.06042902771742720125
2.90585615610958967508
2.18549765499759802419
1.29711217710728473447
1.99133121303313075949
2.31570723538188220603
2.00442011564442248290
2.44481083112784004207
2.05934455592064534925
1.79713661139046410558
1.98338095180930887148
2.10751037957111850614
.65566759871142023667
2.89418382277283831825
3.06093123085116043251
3.86266747209748822820
4.55459109031754902281
5.19654693041446513981
5.43056166524237159407
5.22533252530401169300
2.83263128557177381183
2.64803700880482408713
7.74129834071778943992
2.22344327564253367889
2.14058403245469436067
4.68974412948083981073
3.52961754302077323523
4.54973625609221440725
6.11236451792593927265
8.98740229432287069021
3.05065566722958754835
4.91635027230566638355
8.97534957536473896198
5.01749937717983179821
4.86113155551256399033
4.15332397002689882869
2.11747491130355544526
3.94067253143419670270
1.73005780250256378536
2.79524596413267360252
2.75443279097530350323
5.43531967781104849339
2.79644417072824824167
1.44810220633766040816
1.84862110774490509169
2.29525597700997175728
2.43476898288112747183
4.05385002189276854357
2.62024807985808855167
1.28031246186233772829
4.09178445180094988834
3.63429497977255555628
2.47725654706976200979
2.19849948828740917676
1.32079521501253175913
3.21986024541438754662
3.33385662559144855616
2.43546710098904846610
3.96031564398596895475
3.91554593894644530704
7.84653426679575522262
3.71693422056403898367
4.72235110935220487021
2.51737958997049151812
2.09973807890412846129
5.22484449529361591314
4.24870568526463127145
2.77748087302145070955
.91203070123762829390
3.11231425148554046202
1.37931142241337217166
2.02306697862428667539
.84723078319900534643
2.28460062155292254048
1.45430395722489870422
.90410176418365648491
2.24463805545571199557
2.88989619190724565375
3.10388466280562686761
2.72954208613825919883
2.54782259978986763049
1.71478861671052621902
5.52990054160108742185
5.47216593315663263248
1.92067696398952002425
3.81342365860390602365
3.78551185442602992781
2.70736033804146580579
2.88425033587585805450
2.03659028771130105279
2.66745196770251141480
3.64048073748509209166
3.28147832538933586051
4.63293643383977371833
3.73120623927437171088
2.93772020451233578671
3.36240985009263854315
2.86762968320527746625
3.03476522979949801585
3.09748284902434931948
3.34953728147635341407
1.69286738996295867569
2.07525901997798819349
2.57763457456637945369
1.88576244527246856507
1.61907380931197821658
1.95310009984127541644
1.16297033496130072182
2.25878285808972793346
1.51145625143435759319
1.82082398929715334525
1.12574419829728636270
1.09348068112792920983
1.65006060494758797813
2.51958329888098758210
3.73334970234506695080
3.28545278462497464027
2.60171097549285823817
2.63070332800945078364
1.05351791631656649297
2.45195840095218581177
1.45849237228036266477
1.99170780989581903080
1.99291244162908471717
5.03448110533747062547
4.19630790100059268756
1.74338750712513711072
2.44585363421444333981
1.17919464042201277298
2.14778956138631049079
4.90360071783990177684
3.75777859911943188979
2.13939243711853856782
4.93360922651966832888
2.55362487456556547382
1.68647561500307498516
2.34038458378105028911
2.12143819141637968202
2.28932304404599046529
1.88215302247187117492
1.29664952859282681343
2.67074895862565113534
3.69515899522605116277
.79536155300592698437
.81338797630651020092
2.37052736748597779186
4.15073487469387762629
2.64064386087938787762
3.58101940793400336466
.78441060676153531981
1.32438665049146429396
1.74774139963554104739
1.25115946225890806712
.97805930290550378262
.29816103031751148012
.59908263203000635812
.54120236510939232960
1.51657508881031011085
1.13406349028614795628
1.48559752288431068183
1.74877099701476064936
2.02632672587616037690
1.15641687984913122332
.90316111519484717018
1.01769347054994904295
3.30298349980740896828
3.23970677685496716312
4.37658542701956178782
5.03064608176723161539
3.76172832618199582815
3.83795518473053564653
5.11374618063900390922
4.70741967536356375798
5.23306793382237681800
5.99259543102986387477
4.12599079010120913284
4.77159302539518766113
6.43799658278877933111
3.05988561877727710595
4.62900637286232303151
5.18476614708898900787
3.72641919273717781768
9.01588043398979421048
3.81934549366773049988
6.42958785615376749709
5.94973949009534366184
5.63271692880087841539
2.37004219371723422488
4.11670985132544895023
4.37021738589741093899
7.29836283011471004792
3.85281715112461572420
2.20714748034652183729
3.86600569063212838928
8.04672604231062411034
2.87558689661780174136
.56471231613981999285
1.32913505709540292751
