3.22096258904073581604
2.90518501992558126297
1.55341559152726415526
2.64070066459642487060
2.34725371445014439453
1.58202402004520778388
2.17912826607338559390
.79006328860414720575
2.06334679586345833450
1.36517398158622990949
.87982952894296517808
5.77364702765938056439
4.75739424475205754415
2.29871703347758747145
1.23927398100662147323
2.25754291210599139742
2.90058614766050346315
1.84369194823864217037
1.74496418301350816006
4.12517878400439754807
5.54643128506970687413
5.38967531489606523959
7.56288304815035467833
3.55782236768504225446
1.52453271529344361262
5.00535713011569235420
4.59332123849399411891
12.49583930754553197331
2.98424194729582876024
2.31041121880932702503
3.66031419416421136277
1.90423212870700193949
3.90960356046492263780
3.00991694237565299631
4.61398959686733580740
6.64432088328069838713
3.53160020387359248436
6.17987863958508492650
2.83167794778996716330
2.23020178459259600692
2.46906865032141218509
1.82608871635525966852
.88345911054219142055
2.55869107162236371453
3.22759972735158099870
1.84956751701580226470
1.47895233188903015434
2.34697677875176259699
2.54501473473141211988
1.79696967141908101820
1.84051623193059615026
2.32385455655038790123
2.48346532087726161588
1.21247680390183135247
.23600847442411893189
1.30111490653208642731
3.02206882780654087471
4.90161197974707092175
4.32089111179626927659
4.51341334247152683714
3.84308469852018744184
4.75357760008185834601
6.94349335709338746970
8.14975459753236987000
4.05802907825954347239
2.77771488817697054874
5.73502397553837607319
5.42341221003898983551
4.21180483878348760320
8.30646735983474505580
5.45528184423133173831
1.28019529760111210931
3.88526704358915334518
3.35182040091649301960
2.56411778200612305647
2.02136092769203392455
1.35771867483658042229
1.38343774706345207486
1.22845431335479464789
.98984847325234583098
1.56582246758692283109
1.54146034655452619593
.93413061185253960180
1.92769292160343837270
3.12558794469136638305
3.03252370147374116117
3.06468595454738233118
3.51855083805819125186
1.57442052832145198753
2.10195147422579667886
2.96465849635333209317
1.70707351921351061651
1.36036759737947301638
1.73833253435584067480
1.69366466574703033803
2.60635761168723736593
2.48227718033260741652
2.27103500633521719389
2.79100340379584632279
1.91384429878712965274
2.09174568243847464144
1.76776695296636881100
1.81573676506260124798
2.40626266230434619192
4.29067593742524442353
4.01871870127780901887
2.47034410558529274703
1.97093886257286022392
1.29127843627933321110
1.40392307481571083407
2.03619743639952557524
.93600213674969781021
1.17123866056410552554
.82975900115635985790
1.40545366341263631145
1.40758658703470174833
1.97190263451317494303
2.09234318408811703233
3.65132852534526123267
4.76034662603470504880
3.70847677625194250049
4.28022195686158313039
4.21091439001079669301
4.52491988879361266421
4.20515160249901097427
3.05391551946022239667
6.67311021938046517082
6.60389279137691634891
1.52715421618119497630
1.72620972074658414026
2.53781401997861143504
1.88390551780072028112
2.17591360122593102926
2.40245707557908305701
1.44924118075632946043
2.52665787157660108875
3.53855902875732737153
1.13282831885506817073
1.70255690066440951240
1.77011299074381124660
2.06559918667683445619
1.42776048411489523196
1.32834483474736333240
1.07415082739808937876
3.80891060540937347948
3.91118907750571424608
2.09795138170549605327
1.39179739904915758539
.52583267300539627080
1.18401858093528245102
1.81474516117277469378
.94857788293845434776
1.42481577756564725654
1.54214136835764833197
1.87112265765769615406
1.21404283285228449965
1.34134261096857725971
1.31164019456556758875
1.96746029184835138313
.96695398029068580901
1.98131269616888085997
3.25468892522772443221
2.25523834660552009690
2.61755611210151519838
3.52837072882088171310
4.33776440116334580073
4.07457973292952018040
3.70305279465470219212
3.40490822196428666088
.97928545378760732412
6.51752253544243604405
6.28408306756045356463
8.62448259317624224515
4.57224233828435651084
5.98132928369605814331
2.60071144112529331565
4.15856946557346808978
2.12294606620140022812
1.35543350998859401816
3.25038459262900149503
2.62211746495079811861
2.82582731248744214553
5.70000000000000000000
7.90198076434003982446
5.76307209741471133020
7.67678318047344619675
5.87814596620396965793
5.48964479725236867715
7.07704740693461795606
1.43349223925349522626
3.46992795314254327530
1.40975175119593307778
2.00763542507099630028
2.37168716318151876107
2.26702448156167912169
2.95509729112257825168
1.27487254264887201703
5.74886075670649723556
2.67854438081581915012
2.63655077705702455526
