1.16931603940081143487
.89649316784903609213
1.00004999875006249609
1.09936345218494506763
1.05796975382096817295
.43416586692184819885
.25199206336708305147
.75927597090912866580
1.08023145667953958171
1.36312141792284960047
1.49686338722008963432
2.15148785727458847770
1.99521928619387598380
1.26917295905640851311
.80678373806119815716
.56991227395100028675
.85445889310135920663
.82468175680076735889
.92184597411932108518
1.02498780480550108835
1.17889779031093276538
1.13600176056201603054
1.69873482333176416225
1.44862003299692083196
1.75960222777763042931
3.43372975057735142080
4.77307029070387774443
4.65564173879391196438
2.93962582652962824318
3.21947200640104960674
3.77129951077874481777
1.89026453175210373781
3.70094582505607612143
2.31639806596362016561
2.20329299004921267869
1.52983659258105079488
2.45316122584717207575
1.42499122804317641174
1.12312065246793498717
.65582009728278379437
.61587336360651286085
.72013887549555328807
1.02205674989209870194
.64691575958543474024
.46097722286464436550
1.31228807812918882738
1.49050327071093674940
2.70793279089419056430
1.27738013136262613468
1.84116810747959676904
1.16593310271215818156
.80510868831481380306
.51312766442669995650
.51797683345879475732
.75458597919653927267
.69433421347359802992
.99974996874218505773
1.11516814875605194537
1.55659885648165629121
2.12666405433486367562
2.76992779689290818164
2.14135471139183290610
2.01675481900998565582
5.86420497595368847284
4.87299702441936650111
4.93892700897674737037
6.01694274528185950229
6.20158044372561533573
1.15758369027902254735
.69130311730817473581
1.50635321223144739573
1.10824185086108348067
.99317672143481091559
1.27361689687283907359
1.70061753489725019946
.80181045141604384053
.85889463847435908883
.15165750888103101108
.48764741360946435352
.95676538398919930823
1.71236678313964032581
1.23887045327588630807
.71140705647329644687
.94688964510126521923
1.82748461005831729001
3.18377134857388902911
1.70590152119048185108
1.33184083133083136452
1.52499180325666013069
1.11081051489441708471
.83312664103364261580
1.57464281664128516101
2.20746460900282611982
2.10123773048172728646
2.29680212469424540107
2.41530536371697729892
2.19804458553506143386
1.67558944852251919401
1.05176042899512054232
1.01123686641656810197
.62577951388648062709
.04582575694955840006
.49849774322458070682
.81030858319531578314
.63898356786383795082
.33136083051561782322
.77323993688893229591
.35014282800023192821
.46411205543489171468
1.00772019926167997796
1.04422219857652901747
1.36095554666565064850
1.01538170162752095953
.57280013966478744216
.43737855457258075309
.99106003854458787273
1.08972473588516838805
1.45251506016288863813
3.05419383798736651173
3.40689007747535053928
3.87600309597399573594
3.80355097244666881564
3.86286163355613865042
3.00191605478900758684
3.23372849818904864720
2.95638292512996360662
2.51408034875578310344
2.06465493484988914745
.37802116342871598542
1.17753980824429031274
1.96402647639994914606
1.90541334098405010616
1.90562325762465441211
2.18682418131865370133
2.08767813611198218152
1.91277285635278712253
1.63226836028883436787
1.63490060859980109067
1.62394581190383320006
1.32007575540193904433
.65306967469022782668
.90746900773525042737
.83934498270973181531
.63976558206893249533
1.19920807202086494294
1.82712889528899958229
2.28562901626663814105
2.39273901627402732499
2.08693555243088424414
1.91512401687201447930
.94021274188345267287
1.16468879963705326258
1.06320270880016102411
.57922361830298322185
.82188807023827764037
1.02961157724648764751
.53084837759947990633
.82981925742898977386
1.33540256102794710792
.88707384134580363579
.90011110425324717243
1.30740200397582380331
1.14376571027461738642
1.55695215083829727821
1.62366868541583938499
1.30724901988871271060
1.31320219311422108209
1.84567060983264291670
1.56390536798106809235
.65924198895398038807
1.61623018162636722863
2.29534311160662862673
3.52618774315832480179
4.89054189226510971515
4.18554655929186863465
4.64285472527409584465
4.56650851307648390767
3.01265663493203287420
3.79490447837623443915
2.30542837667970071336
2.04614271252031684868
2.48171311798926509200
3.32885866326583472146
9.01452716452726654048
7.32182354335311743860
5.23486389507883958318
4.30930388810072200505
4.20697040636132832780
3.51140997321588753273
3.42103785421909647714
10.15228545697962533408
12.44519586025065336335
9.56246830060105349576
4.99553800906368842733
19.95482147251636025019
6.97091816047211961528
9.65872144747947475458
11.77827661417407873572
19.05800094448523213211
7.47398822584033778192
