2.85909076456134914359
4.24180386156644446987
3.35232754962876502027
2.02511728055438804010
1.25781556676644767942
.86423376467249877982
.75239617223906714928
.72642962494656011929
1.05233074648610357896
.44575778176045339792
1.06324973548080415217
1.29131715701449580019
1.70695635562248632438
1.24739729036101405185
1.15134703716994034743
.97390964673320697116
.44955533585978044756
.35099857549568488241
.60613529842766952982
.71028163428319051532
.93525397620111725457
.81835200250259056844
.41218927691049897083
1.05896175568336744348
1.35136967555143844140
5.52213726739928115669
1.84317660575431566538
3.29511760032931146370
1.43586211037132670763
2.79395776632360711852
1.02181211580211750785
2.83721694623446093641
2.49773897755550109443
2.85578360524742840677
1.15732450073434460233
2.71759084484769340341
2.37073828163296000715
1.61551849262086752505
1.31806676613895397920
1.20979337078692905193
1.38405202214367650552
2.14088766636645370721
2.32649951644095554924
2.21081432960798406346
1.38108652878811326127
1.32981201679034319064
.94371605899232211804
2.10947860856658131696
2.11851362988298944765
1.44419527765465290625
2.45969510305647435543
2.33248794209101968510
2.66375674565077357027
1.57283184097982960436
1.58738779130998736555
.95796659649488822873
.93584186698394724041
.99543960138222349105
1.44305232060379570978
2.19191696923035841531
2.51161302751837150921
4.46179336141870200797
3.27113130277584546855
3.74350103512741131444
2.93247335878776569662
3.15794236806183655850
1.38668669857325739042
1.54673850407882456645
1.96972079239672951166
2.12565284089382761090
1.07503488315496069766
1.41141772696817153161
1.14616752702211904883
.97642203989873149524
.83150466023949619232
.35355339059327376220
.44215381938868287921
.25199206336708305147
.19261360284258222659
.33151168908501552262
.16792855623746665201
.65253352404301803810
.89515361810138487536
1.20834597694534490472
1.69189243156886306818
1.47966212359443735272
1.69958818541433736338
1.95714077163601085713
.99403219263764289818
.82740558373750415487
1.36139634199596702163
1.61325757397881135749
1.19933314804519598919
1.06371988794042955037
1.63297274931334968679
1.20743529847358694816
1.24699639133399259408
1.70885926863507399826
2.34838242200881754087
2.38438671360163387402
1.41679215130519409579
1.74335882709211645532
2.00873094266006665704
1.69676162144244646396
1.20079140569875832202
1.03464969917358986298
.69864153898834271934
.54000000000000000000
.81418671077339502348
.55226805085936303871
.43011626335213133858
.43243496620879306503
.71498251726877909724
.78790862414368837773
.87755341717755278763
.97169954203961627677
1.03174609279609098987
1.02264363294355869176
.29068883707497266053
.17720045146669350401
.86272823067290431631
1.06221466756960195912
.96633327584224274192
1.23093460427432943298
1.57419820861287985395
2.12805075127450849054
3.06812646414713485812
2.68590766780989699753
2.06830848762944450669
2.35180781527743035944
2.00009999750012499218
1.04144130895600641139
1.42919557793886278173
1.70296799735050805211
1.06033013726857730958
.31654383582688827965
.20248456731316586933
.85568685861125622407
.84557672626438814490
.67297845433564958967
.79711981533518535409
.88243979964641214045
1.01163234428323810884
1.00164864099144067076
1.11749720357591946861
1.48822041378285091711
1.29853763903862255355
1.70546181428960759948
1.63159431232154030207
1.17652029306765465582
1.14982607380420800753
1.45760076838618605333
1.41753306839734782957
1.18224362971428186080
1.54311373527682657329
1.64617739019827386280
1.63098129970885932288
1.38513537244559601926
1.83602832222163718996
2.33525159244137975172
2.27666422645062001246
2.10418630353873371085
2.44899979583502619776
1.95189651365024985025
2.37794028520482406162
1.81796589626978426440
1.61086933051691067323
1.50758084360342016120
1.93662076824555405778
4.51726687278934185398
5.44346397067161637698
5.56151058616271987403
9.45590291828337247761
11.69435333825688713100
16.01322578370766618848
22.70795895715861117603
4.09875590880940359517
5.53205206049256192283
3.38446450712664439961
4.55124158884144492301
14.36125690878065171032
11.40506466443746210117
7.10921233330388015637
6.91510665138289823036
15.04184164256491566126
7.43622215913430063520
2.56854044157377440347
.81178814970409613635
2.95274448606715714920
3.23451696548340893070
2.06000000000000000000
1.61474456184252250913
3.71659790668831970701
1.27675369590222843419
3.37523332526804730231
2.35520699727221428786
1.33018795664372183489
3.99637335593160014251
4.68962685082725958242
3.35924098569900161903
