4.37252787298148620961
3.18664400270880587738
3.01824452289737452941
2.34266941756620880680
5.45059629765404658518
2.36328161673550873495
2.26658333180141426716
1.44086779407411282453
2.51447807705694662316
3.58913638637486162609
2.55331157519014901754
6.18465035390037227284
2.09253434858307642548
6.18576591862317402386
6.42414196605274282912
3.11873371739236500017
3.57450695900847282152
3.45567648948798446404
2.05759568428785347702
1.00578327685441260770
4.13992753559769449257
2.80757902827329154417
2.11125555061437316283
2.46349345442605144341
3.47256389430057859662
.65192024052026487145
2.87168939824626576901
2.71044276825761440020
2.27659833962866624945
2.61927470876958608486
4.06307765123926717207
5.23115665986022636148
3.66184379787013853450
3.54529265364652230990
5.14569723166841599201
4.03071953874243153102
4.79217069812835444243
4.94605903725380132062
5.03608975297303453449
6.35176353464138335754
.99181651528899235203
3.20234289232118302212
3.93330649708359239122
3.90524006944515512201
2.70889276273535789444
4.32699664894716552402
2.87118442458857038151
2.58629078024881030584
5.04421450773061394794
2.07778728458906495445
4.01808412057288815542
5.81469689665764091579
3.00973420753394767272
2.87174163183250174505
2.51926576605168832274
2.59980768519519535633
3.94675816335381765432
3.70861160004657268504
3.02153934278539553819
1.81179469035539454524
2.67776025812618258747
4.20040474240280802014
5.50265390516248986451
5.87813746011438558634
7.40511309839356876246
2.16261415883647631315
1.96603662224283095880
4.48323543883209417155
1.59317293474374589000
4.77008385670524664414
2.26922894393668441063
2.42117739953106286218
3.60181898490193424101
2.48284111452988469316
2.66332498955722637885
4.04980246431847586725
3.36502600287130025024
1.73265691930052903938
2.13471309547676687315
1.36014705087354433450
1.04120122935002338576
2.64833910215440499960
3.42312722521381024991
3.26516462065850517508
5.68508575133216438276
5.37145231757669054336
3.05434117282270874999
2.64372842780796984038
2.16196669724582020444
3.85954660549655754509
1.79279112001370644896
1.72759949062275426453
2.67282621956609816552
.82480300678404416204
1.64395863694923906075
2.92227650984639028905
2.41424936574497208668
2.58048445064100318441
6.71788657242737315927
1.59718502372142220133
1.99729817503546525420
2.70830205110139072168
1.71519678171339862154
1.67624580536387920292
.12688577540449520380
5.26013307816446788420
1.63932913107771009316
2.84130251821237789153
2.38889095607145702132
1.53577342078836616386
1.73104014973656806860
2.01893536300694876901
1.81840589528300858948
1.58148664237166416858
2.93683503111768264674
1.45523194027618841293
2.11352785645233453118
4.01800945743038290325
2.52303388800071411169
4.03172419691625235556
4.40123846206951163420
4.31015080942651007838
3.08110369835226415736
.86406018308911793068
1.08175782872138253825
4.14904808359700743538
3.08734513781663225304
7.04264864947840486829
2.37791925851152481892
2.89511657796365775292
3.30420943646131487165
4.88407616648225501442
4.88255056297423304011
4.36367963993691910893
4.83324942455900986579
2.27429109834251428879
3.64079661612675090664
3.48089069061353893012
2.92352526925969976299
4.52279780666790365418
2.50627213207185464247
3.21000000000000000000
2.54790109698159202311
4.32061338237986760045
2.40721831166182349644
2.99359315873082526658
3.77593696981292313520
3.33767883416005141553
2.71140185144142733728
.87120606058498009050
1.53996753212527178916
2.20649042599327858493
2.09155444586078131574
2.47602504026110365990
2.47376231679601749082
4.23664961968770790159
3.30821704245655563063
3.11874974949898793575
3.99961248122865023144
3.65531120426154686663
2.50938239413605514361
3.64188138192335967794
1.31992424025017435846
3.01166067145686251862
2.26883229878279016005
4.06773892967579717559
3.83537481871068241491
5.51834214234673926855
4.07638320082889165073
1.24739729036101405185
5.37537905640151111380
3.27636994248207569531
2.92878814529149581505
3.28527015631895941039
5.31287116350472026011
5.07064098512209795355
.50289163842720630385
2.42241614921961746733
6.09036123723379810491
4.73359271589772497190
4.58354666170204925950
3.52983002423629458254
4.86005144005698770957
.76295478240849896385
1.67857082066858293162
1.31624465810881830906
2.34266941756620880680
2.09040665900202298413
2.89183332853053618028
3.35718632190708176071
6.00107490371516692669
2.58555603304202247180
5.87783973922392681629
3.74818622803083251497
4.66065446048084538751
4.05376368329482176291
2.02427764894048069415
6.39750732707669511114
5.23195947996541731626
2.02677083065649037872
