5.16246065360308581596
3.02730903609129406635
3.46534269589603504195
2.25028887034531635484
1.12667652855644418984
1.35602359861471437446
1.31061054474622628072
1.16944431248349743727
1.14100832599942056689
1.70437671892102539362
2.17609742428963873814
5.97276317963469902718
3.53867206731564771595
2.01893536300694876901
3.89425217468001165395
3.41354654282023815501
2.35497346057232670462
2.84524164175909670661
2.54656631564936867245
2.43954913867296389000
1.44768781165001178578
3.61040163970713928657
3.18910645792830189740
4.71692696572673255546
3.43899694678550129125
2.37185581349288599626
3.36649669537933751407
8.99118457156786432744
.68512772531842557159
3.74017379275348647534
7.57446367738336969576
4.47290733192629422263
3.87289297554166864431
5.89470101022944165406
6.08582779907548813648
4.23454838205917774822
5.47099625296892339226
4.98026103733529212686
2.58916975109783020190
2.32828262889194790298
1.49846588216081850169
3.84447655734821720345
3.39548229269422048623
3.64243050723002812925
2.89515111868102663985
2.97729743223615466846
2.65905998428015910752
2.59832638442517455802
2.75401525050243685102
3.33102086453987856134
1.72667310166111060548
3.94873397432645492718
4.03034737956916066125
2.58462763275486165340
2.40279004492693867994
1.68442868652846208881
1.43258507600770433266
2.56269389510335393080
3.40747707255676189971
2.03462527262392963720
6.81033038846134101414
1.69923512204756408159
2.13342447721966478801
5.26430432251024028885
7.78129166655510992355
8.57287583019840548069
2.68719184279797931958
.74363969770312827214
5.92007601302550844198
3.83871072106247672641
4.24050704515391649643
3.00194936666160310506
1.47979728341418440380
.51088159097779203498
2.44298997132612069181
1.56467248969233174793
2.15640905210491082282
1.01276848292193611291
1.17940663047144177058
1.81763582711169070969
2.14037379912948850318
1.52771070559841269968
1.30820487692104251687
3.54616694474470561409
5.18123537392386758957
2.37526840588595376534
3.71103759075544800658
3.78642311423327332296
2.05489659107216390359
.72498275841567432409
1.91230227736098248887
2.07067621805051887740
3.50749198145911660756
3.44739031732700670704
1.51588258120475808837
2.13039902365730537808
2.44977549991830884095
2.43419391174984249651
3.49368000824345674647
3.76591290393179433126
2.09102845509093921560
1.71909860101158828207
2.55080379488505544288
5.59552499771022379443
3.77287688640909670486
4.22449997041069938743
1.64866612751035799279
1.13481275988596462379
1.31213566371774225927
1.64638999025139848546
3.65432620328289795109
.90122139344336472536
1.02805641868527818651
1.38585713549413166053
1.61805438721941605815
1.64359362374036971073
1.50096635538575614003
3.32424427501951185957
3.33183132826378232312
2.34953186826652768429
3.48472380541126960631
3.76826219894529101489
2.95758347304011015634
1.49472405480075150893
1.90057885919001003708
.75272837066235254263
2.74643405163859705593
2.59362680430319427249
1.96354271662217728285
2.01290834366595042935
2.20818930347921031677
2.26227761337993176013
1.82896145394045962107
8.54950875781760925379
1.93383039587239914704
3.08074666274265401499
4.11325904849184036898
1.46130079039190285384
2.54009842328993228324
3.82595086220406129250
2.18444500960770353744
2.56546292118985808584
3.16254644234673651060
.59766211189935739475
3.60833756735702320847
4.58899771191923781721
3.80770271948848443711
3.97090669746847615351
1.78776396652354529997
1.18680242669114895941
1.84580605698431924936
1.85175592344131573997
1.08258948821794865975
1.44235917856822334570
1.97883804289284877291
1.86884991371698974108
1.52803795764372293291
2.03169879657394097694
1.58697826072066910339
1.59502351079850857476
2.30152123605236369324
3.81624160660721270324
3.75691362690174180160
4.09020781868109972933
4.43965088717570224221
4.24426672111920883223
1.13551750316760859694
3.44537370977373077185
2.27125515959788190417
3.70251266034297308788
3.51779760645776777468
1.84230833467147946895
3.41600644027495943478
6.12702211518776876692
5.51029944739848053931
9.08152520229944635261
2.60424653210866347886
3.67442512510460607426
7.40563974279062537764
5.90672498090100687227
3.55454638456160816492
3.20345126387151393478
3.71853465763061027840
1.25737822471999251654
4.80500780436410945898
2.61095767870718272199
6.40156230931168864148
4.87604347806702806475
6.34499802994453261477
7.36107329130745715603
2.22903566593269206935
4.00627008575308112613
5.96795609903424138785
3.03637942293119882748
2.09002392330805629943
3.57907809358778870442
3.43282682347944840221
4.65843321300198528455
4.43987612439806703217
4.59413756868468186709
