4.11792423436857322662
3.47387391826473748318
5.02478855276518078480
3.21493390289753857639
2.35340179314965254829
2.09009569158926309672
2.23901764173487476342
1.16163677627733532427
2.08913857845763788384
2.76671285102014155515
2.67273268397720612750
5.12638274029553903342
5.23107063611264954977
2.86630424065555190323
1.41007092020224287724
4.01637896618334560264
1.65281577920831818273
3.12080117918460162837
2.56425427756297210783
2.17598253669463073657
2.73388002662882044766
2.67159128610646579942
4.49609830853374468338
5.25179017097979648518
7.52679214539633743432
7.25694839446995103130
6.61076394980186839827
7.81862519884410369221
8.38880802021359885644
7.05618168700324779271
5.74712101838825036586
5.97323195598496743996
1.96514630498596719621
6.62483962070026265779
2.07171426601256960114
4.96881273545300759103
2.44026637890210666238
2.01072126362656243731
3.82921663006939318813
3.85987046414772836480
3.78552506265643418999
3.45278148743878664812
5.24012404433330184882
2.65309253513706151696
1.66535281547184469279
1.38372685165823099307
2.85886341051824299988
4.06719805271393195281
1.62422289110823702859
3.95866138991452513446
1.78190908859009976149
3.80996062971784526024
2.48412962624739049667
2.74543257065257386736
1.95961730957858197829
2.03926457332048996687
2.58329247279513436049
3.30681115275729043256
2.59742179863032642563
3.38858377497148504540
3.67408492008554423940
4.43829922380183826199
5.26130212019800284724
1.86214929584069601258
8.63278634045810263849
5.51621246871438047584
5.03687403058682816608
2.92318319644869332640
4.60545328930823051508
5.43963234051714197284
6.16866274001099852640
4.29799953466726192013
2.52122985862058995249
1.68469581824138211398
2.03798920507445279254
1.25123938556936418073
.94201910808645490022
.90708323763588532096
1.76130633337872262361
2.60221059870257234336
3.40079402493006035921
2.50523451996015734287
2.24396969676508777937
2.41816045786874945334
1.85652901943384660900
1.75328263551544934588
1.93543276814256712635
3.64157932770933880695
5.63933506718655617071
5.09518400060292228893
3.23173328107379554522
1.21712776650604763039
1.79691402131543288817
1.70964908680114820807
2.24486079746607005511
2.87402157263998281213
3.29845418340167338453
3.07697903795264747656
1.92171798139060977044
3.93528906180981831061
2.46870411349760585276
.46882832678924169289
.45287967496897009674
2.21359436211786553239
2.10240338660305624993
1.13459243783836317265
1.85067555233217472791
1.15654658358407682427
1.18093183545876177721
2.07800384985206415762
3.37059341956279265504
1.11525781772646633171
1.92668108414444137864
1.99607114101677247810
2.83467811223778986584
2.20243047563368047397
1.20697970156916889220
1.39269522868429473197
2.54678228358844996893
2.80447856115891889696
2.81364532235319240494
3.80873994911703048920
4.37585420232438731557
4.40012499822448225866
2.96285335445411472696
3.12936095712846778655
6.89326482880209673436
2.31469220416019892033
2.22045040476025944496
2.59071418724644343967
2.88980968231473679516
4.10213359119373390501
4.16356818125991543128
6.06025577018000123944
2.91679618760036094504
3.67764870535509413546
5.19100183009021872180
3.45463456822859919694
1.02391405889361632497
.96757428655375086915
1.78258239641257537018
1.24827881500889055182
2.04921936356262259480
4.20711302439095401110
4.78512277794415636663
3.75869658259349260818
3.06512642479882059431
2.67465885675164188778
3.06375586494746673051
2.16794833886787994189
1.55418789082916226406
1.15147731197796511339
.97596106479715675182
2.77378802362401153979
2.10819828289466168989
2.34925520112226206815
2.61239353850066012599
3.60352605096730222042
3.26468987807417934537
2.36332393039972410803
1.60181147454998586047
.82158383625774917018
2.61811000532827115201
2.45032650885550352607
1.48030402282774331451
2.30917734269154823612
1.87432654572248962746
3.11289254552739099202
3.15944615399598161912
2.77953233476424950907
1.77679486716953344535
2.75764392190144810218
2.35834687864190156754
6.96529252795602260913
3.33947600680106698681
4.35195358431130329076
3.90585457998630563455
1.45952046919527647986
3.71200754309578417375
4.30169733942312589565
6.30908075713094672699
6.30739248818400391765
3.73547855033327691038
4.52179168029664984477
.68381283989115033288
1.90249835742373244236
4.14598601058903719017
2.29612717417829450677
5.24477835566003685055
2.39520354041154506640
1.48054044186573978233
3.02616919553418228895
3.99693632673826816868
2.22685877414801498228
2.52782515218121840730
3.59206068991045862590
3.08787953132890208612
2.55344864839690872527
1.58760826402485068445
7.24047650365637192432
