5.32813288122584270068
4.93891688530997654406
4.97317805834458334247
3.45104332050468471078
1.97431000605274753290
1.47709173716462174243
1.36908728720998647654
2.05387438759043879362
.92482430763902394305
3.35766287765761260619
6.06409927359372968238
5.49867256708380481832
3.23842554337752221232
2.51874968982628363121
3.04795013082563409581
3.32669505665908608840
3.11457862318484424545
1.97580363396770783447
3.02907576663245582804
1.68600118623920309506
2.32656399009354565399
4.07196512755205210880
3.30201453661246016023
4.10845469732842496630
4.08898520417963850572
4.29536959992967310659
4.17221763574241174794
2.29226961764972141332
5.55206267976145960945
4.36870690250559152797
3.97002518883696756828
4.43766830666736515159
3.72096761609127686855
4.61512730051945587716
1.48542923089590505068
4.62680235151664977624
4.38922544419855472066
2.41043564527244742618
3.65175300369562234717
4.51856171806914683421
5.07741075746290197659
5.07782433725311139775
4.03065751459982022620
4.77633750901252789598
4.09234651514262657997
3.01464757475894684388
2.31110363246653221126
3.16439567690262148101
1.02112682855754994603
3.43119512706578667990
2.93472315559747475135
1.96575685169860211783
2.42876511832659520349
2.76785115206724944289
3.89828167273736134265
3.61333640836277518058
.62944419927424861447
3.26566991595905173166
3.40126447075201724896
6.24482986157349205967
2.24191882101025236921
2.73607382941323423638
3.18606340175458529747
4.07342607641282720750
2.72123133893463750841
2.74718037267304310507
4.53529491874563764845
4.02509627214058073888
4.73565201424260057507
4.11817920931083328201
1.73026009605492549485
1.45866377208731690636
2.55876923539423539005
1.82269031928081518518
5.30555369400781769149
4.71924782142239273185
1.05247327757050439993
2.28311191140513302697
1.71189952976218788375
2.63440695413597783039
1.68347854159178399668
1.76071008402860009291
1.16090481952656222056
2.96892236341740670987
3.16703331210772078926
3.49812807084017437064
2.55566038432339440604
4.81395886978690336213
3.21572697846070259323
3.95468077093461489422
3.34970147923661997477
4.42550562083023457998
4.17748728304467732463
2.44885687617712766974
3.03338095200718236461
2.57394638638803042182
1.13560556532627119738
1.37309868545563759854
1.94185478344803116227
1.27675369590222843419
2.89837885722346518775
2.45344655535840030248
2.06893692508979113149
.87686943155751529482
3.11783578785028381744
5.92718314210046997093
5.56151058616271987403
2.48628236529964552616
2.34714720458687890963
3.17233352597106346566
3.09110012778622232711
5.35995335800601906692
5.38008364247248483240
1.84905381208876665834
1.11144050672989240301
2.20789492503606248947
1.57955689989313142185
1.73931020809975125035
1.89562654549887541924
3.82331008420713895932
5.13243606876890381787
3.33709454466007001082
1.53169840373358096674
3.56637070423140392866
3.43294334354646756089
3.28662440811237206390
2.81160096742051929462
5.75341637638021119435
3.84173138051061555476
3.67817889722618032422
4.67062094372900272079
4.35377996687935528472
5.20513208285822464584
4.29937204717154014293
1.77270979012358365211
4.00460984366766995540
2.57553877858594860645
1.55103191456526773815
1.71242518084732683015
2.65648263687154559952
3.48551287474311303826
2.33068659411770762431
3.39849966897158899811
3.86825542072909141034
1.88833259782274584341
3.04410906506320827650
4.06480011808698903457
4.13401741650903062568
2.67835770575925873658
1.54690012605856361407
.26495282598983540564
1.43199162008721266119
1.52807067899361252026
1.25829249381850800262
1.40431477952772397644
1.99939990997298987074
1.49013422214242163884
1.06798876398583894465
1.74708328364734804934
.92054331782920460239
.25159491250818248610
1.14673449411797149444
1.97560117432643778027
4.42608178867042627540
4.52422369031417366764
2.99482887658042992898
3.37349966651843616274
3.08045451191865516240
1.71621676952534174915
1.13604577372568927663
5.17867743733861068521
5.94689835124159491463
3.62802976834534807266
2.04775486814218073292
3.77015914783447835289
4.72661612572884958205
2.33042914502887214470
2.81488898537757612932
4.17484131434956459232
5.96943045859485660195
1.22812865775536725727
3.68666515973447200720
4.86832620106746750031
5.59765129317645151935
2.40029164894601922622
7.65738205916356246166
6.69093416497278054035
1.86241778342025074210
3.57784851551878870208
5.62594880886770956050
3.30398244547394652164
7.37263182316871157618
3.26136474501089804124
4.38932796678489268707
4.84517285553363926628
1.75410946066657995207
2.01248602479619718724
5.74452783090133527120
5.13825845982858281519
4.62464052657068687760
