4.22548222100152730011
2.34061957609518424706
3.52264105466338991284
2.85338395593723068091
2.38813734948390269507
4.18572574352405463473
1.37047437042799162300
1.61052786377634584531
2.77586022702873135856
2.84568093784247006892
4.78506008321734660326
5.44861450278875941693
2.30785614803002832219
.92693041810051740258
5.88260996497303057427
2.85438259523841687819
3.50188520657088358533
2.60436172602808767356
3.41768927786011582589
2.55438838080664624683
1.52220235185733437362
3.29608859104241917522
5.68229707072764719950
3.02276363614491035513
4.52200176912835804786
3.72060478954698976504
4.26714190061685199637
3.74882648304772836414
4.34553794138309187079
4.12103142429173912748
1.53261214924063550567
3.19255383666430909570
3.39620376302718326753
3.30951658101300347602
2.27901294423704403847
3.94626405604085241882
2.40549371231770215159
2.85534586346382913977
1.94766526898232695266
3.79164871790623557495
4.16480491740009354306
5.87423186467813849435
5.32437789793324117693
1.75843680580224434746
4.27535963399571802618
3.00883698461714605400
3.30299863760189886034
2.57188646716763141025
1.56745015869723908743
1.86169277809202450587
1.13723348526149193757
4.14268029179177668291
2.40655355228176877568
2.73638447590977244237
2.07896608918952788194
1.11776562838548582737
2.80116047380366982073
1.38715536260362703468
2.93744787187789938489
2.80239183555761880541
1.82274518241031157031
3.50429736181163712612
4.48630137195440761218
5.43624870659906434711
2.79508497187473712051
2.58499516440553520815
2.48106831828549211354
2.01414994476578133435
4.39465584545593285528
.52497618993626749052
4.13271097465090098937
3.51466925897729386903
4.95540109375618554480
3.69284443214170612860
3.95077207644278057003
1.71770195319211301175
2.66896983872055024764
5.91372978753679613876
1.32984961555809008700
2.95746513081726797896
3.52359191734797802478
2.31477860712423208622
1.37295302177459808378
3.26438355589535464747
2.03496928723752487006
3.17554719694102483985
4.59631374037934882137
3.90283230487808686735
1.11798926649588188253
3.56995798294601781157
2.88723050690449722533
5.78530898051262254274
5.15711159468165862182
4.30094175733640922318
3.74403525624425711016
3.53795138462924614562
3.23312542286871388858
2.26320569104975520340
1.21119775429118097419
3.35933029040015652938
1.84962158291905752729
4.95908257644496176018
4.53679402221436542044
5.05810241098378710950
3.51643285162677320816
5.64349182687456365913
4.32727396867820237624
3.69108385166200200209
3.13733963733606629738
2.86658333212205781150
6.51153591712431545580
4.80471643283971546390
3.28350422567110456886
1.33734812221799601254
1.29718926915080514784
1.54415025175660933802
3.07431293137182116625
2.93468908063528937784
2.19683863767915371213
3.93438686455717010747
1.51267974138612697955
4.13880417512111824244
3.76123649881259128462
4.23650799597970781405
1.91034028382380085326
2.40522348234005066226
4.01297894337859689697
4.35407854775267002187
5.09483071357626170146
4.18174604680867726171
3.67462923299752787453
2.93363256049560508009
2.82881600674204330620
3.38091703536185578491
3.64628578144939155014
3.98163283088734840716
3.59334106368989137735
5.70008771862328448500
2.88965395852167738413
3.03759773505314557804
2.84887697172061117420
2.33933751305791700203
4.06323762534262817386
2.65716013819265322803
1.90068408737485883125
5.50957348621469972312
5.10694624996190849864
3.97361296555162755070
3.43001457722849918502
.77897368376601786200
4.03853933990991351838
1.95726850483013699363
2.78170810833919093280
3.17504330679126328039
.95399161421890915906
3.99762429450292389529
3.83339275316266021659
2.43402958075698003625
1.09155851881610085302
1.18844436133964639211
3.09404266292499593257
2.97518066678311150926
2.66279927895438637772
1.22670289801565236214
2.07973556011335248794
3.53646716371013404041
3.59744353673549683970
2.97006733930394244857
3.43815357423137804779
4.17702046918613986339
3.51546582973010847042
4.72890050646024905348
2.44386988196998737021
4.35959860537641699067
3.57023808729894090798
4.87899579831751853497
4.19761837236307131160
1.45330657467720829133
5.22234621602206683877
4.75825598302571359252
7.33246206945525221787
3.25757578576462285196
1.94231820256105307396
2.63326793167729136039
2.79345664007873943588
2.18936063726376518592
2.39687296284137678951
1.60776242025990892358
4.11938102146426848345
2.63550754125272804160
1.67361883354603774606
4.40336235165810536773
2.21065601123286478624
5.48799599125218020598
4.65764962185864728018
2.03666393889615475756
4.08374827823655164133
5.59715106103095988255
7.55973544510652832937
3.35723100188235483296
