3.03164971591376301601
3.02529337420356639368
2.28431609021168521821
2.51964283183152766470
1.55630973780928325848
3.05888868708882572832
3.60369255070406914978
2.08333866665984001747
3.93667372282743290089
1.97438598050127979528
1.28140547837130772897
.26305892875931810879
1.86676190233248546441
3.54104504348645641455
2.93289958914382201868
2.66385059641114257442
1.19874934827928060901
2.67667704439665264597
2.42991769407936942986
3.08366664865059627929
1.45502577296761310667
1.30571819317952371096
1.03174609279609098987
2.67329384841995998634
1.46485494162391383182
2.19529041358996509421
4.11486330271128204825
2.45619624623115162027
2.26468540861639323628
2.26455293601187428722
2.07494578242420589759
3.82065439421049964195
3.53588744164742891211
2.10318805626125596824
1.21416638069088373189
2.24209723250353261747
2.65572965491595171892
3.81482633942883434107
.84297093662830392980
2.79299122805640046643
3.67042231902542789668
1.17055542371986812301
1.97167441531303539912
6.01302752363566019291
7.79279795708832682167
7.38047423950520946468
2.54413049979752414429
2.59593913642057486509
3.37323287070430404342
2.25789725186953536005
4.92549489899238450119
5.66669215680541446509
1.81419403592890250687
2.18616101877240506248
2.75661023722977565234
2.80672406908837406649
4.99907991534442265711
1.89813065935936032970
5.75489356982385904488
4.37385413565656073537
1.22825078872354077556
6.21269667696725718716
2.27129918768972398010
2.94728688797001911406
3.34164630085232090530
1.60443136344313588714
2.69566318370823175064
1.79203794602681335074
.39673668849754745110
2.51031870486597776934
2.34499466950353641949
3.27232333365760175150
3.20384144426655421215
3.43320549923828474576
1.57977846548179026632
1.90294508591288571634
1.79861057486049491980
1.46400136611958118759
7.14571200091355487033
4.21200664766806843652
3.28007621862663429176
4.60776518498935663808
1.42316548580971425973
4.22473667818480729510
4.20781415939439987050
7.03344865624254059642
3.51360214025435725627
3.31217451231060589477
2.20383756207212331831
8.06250581395139212212
3.98503450424208999721
3.70666966426737304421
3.15711893979305125576
1.49335193440796131711
.98737024463977037553
1.61359846306322441291
1.69629006953409946560
2.57085588860986138318
2.23794548637807529594
2.55511252198411019411
3.33306165559534766911
4.32474276691689490823
3.91132969717460662955
2.46935214175702368575
4.51722259801307555621
3.07214908492410244228
2.15531900191131799894
5.71667735664695353637
5.03611953789820203469
5.88416519142690282782
3.97513521782592950325
4.88713617571681749020
3.39120922386101090883
2.52481682503899676464
2.50121970246517928711
4.50079992890152805556
4.66555462940902664981
2.78811764457671333750
4.84438850630293688876
5.60522970091324624922
2.70933571194121309098
3.66454635664498041563
6.24444553183066847062
3.81537678349072098559
2.72976189437833570180
5.21092122373769914583
6.14285764119599307518
6.73318646704515380006
2.88773267460822972902
4.71154963891923779018
2.20936642501872015752
2.04433363226260111342
3.02100976496270200321
3.28307782423749437380
5.55731949774349396277
3.85816018329980695476
5.34375336257204146051
2.72508715456955614779
5.24317651810426844034
4.44012387214591120127
1.91535897418734538373
3.61055397411532957684
2.14872054953639795081
2.03992646926304674586
3.70699339087622329146
2.86611234950760435119
1.80474374912340394563
3.76568718828316912019
6.63923188328288470542
5.08728807912427935467
2.38403020115098374145
1.71365107300173567160
1.10711336366245710673
2.47349954517885448508
1.87112265765769615406
1.99293753038071918387
1.47820837502701221842
.87252507127302651508
2.49090345055764857118
2.50573342556625524215
2.97195222034271607500
3.01759838282035139348
4.55149426013040249335
5.92646606334668890255
6.52486781475303145470
1.56885308426251309071
2.62688027896209993988
3.24422563950166696786
4.14125584816973122979
4.33259737340085641150
2.20664904323274751238
3.16993690788949299554
2.78915757891159674076
1.27420563489571807810
3.99747420254340102977
2.37158175064660168252
3.72458051329273858133
6.07441355194063157720
3.44247004344264410622
2.39248824448522630562
3.27575945392820319644
1.34242318215978377076
3.81456419529151455595
2.24131657737143415792
1.93664658624127907763
2.65007547062343113187
1.96944154521021516913
1.03894176930182184296
3.01903958238377523926
.70632853545641209638
2.67906700177505825663
3.81609748303158524016
5.43229233381267875227
2.08120157601324144298
3.79316490545823752220
5.57905009835903875440
3.58030724938516973642
3.73246567298347701763
3.59083555735987442335
3.35953865880421146851
