5.14941744277932860617
4.46879178302144661468
1.86925118697300818378
1.41272785772773660556
1.28222462930642538800
1.57419820861287985395
.91945636111780748286
.57008771254956898956
.61351446600711869441
.43737855457258075309
.72862884927787480517
.66558245169174945728
1.39445329789132773236
1.46669696938392833102
1.93147611944854239246
.86151030173759384941
1.42397331435669818875
1.70261563483952537090
1.33120246394002741869
2.27774010808959501888
2.68411996751262964110
3.15684969550341436587
2.97529830437218513197
3.74898652971706474761
2.28339659279766816420
5.00372860974693550575
3.78609297297359035681
10.03523791446919309160
7.28621987041291528441
6.92704843349604420823
5.03957339464363788920
2.23468118531480906187
1.54809560428288795009
3.05425932101385261533
10.31315179758351079415
3.49326494844006929642
6.28829070574826398904
4.12825629049360257860
2.57875939164552535032
.86683331731077342110
2.12553522671349768434
1.95596523486487356330
2.14806890019850154712
2.21605505346776075981
2.61889289586267731354
2.99934992956807225554
3.85812130446931385750
2.86122351451262891371
3.41408845813930251774
2.49270936934091857238
3.22569372383678112894
2.23073978760410332176
2.25796368438467140905
2.19745307117125939318
2.14913936262867792647
2.40842272037115610665
1.96679943054699911614
2.42293210800467952360
5.64871666841239258841
8.21771257711049419494
9.49050578209612598727
3.86265452765323034137
3.97499685534466806828
4.60222772144099796934
2.35944908824072743542
3.75458386509077727379
4.56657420830976970996
7.20904986804779982026
5.90076266257167811536
1.59348674296336711004
1.09402925006601171769
1.32310241478125947829
1.33274153533233892379
.96280839215287275143
3.60739518212241338021
1.79067026557096770260
.63482280992415513550
.80311892021045052702
.97144222679477959781
.48877397639399747404
.37589892258425003365
.89894382471876405898
1.28253654918680582605
1.61700340135696684316
.60679485825112262564
.76006578662639459711
1.43230583326327342022
.99040395798886022020
1.86526137578624621023
3.19390043677006312531
2.57932161623943282921
1.24237675445091936893
.72013887549555328807
.89224436114777436008
.88005681634767195296
.43428101501216928052
.94276189995141403147
.78108898340714036728
1.56949036314339948864
2.81094290230164582758
1.83384841249215579759
2.72033086222981339759
3.39168099915071611971
2.49331105159384395650
2.67074895862565113534
1.48852275763590527645
1.91334785128057673840
.92076055519336839150
1.16382988447624938962
.62209324059983162623
.74846509604656916158
.24103941586387899309
.48104053883222773556
.99106003854458787273
1.21987704298425093364
1.12556652402245865656
1.60947196309845671073
1.78474087755057596764
1.98075743088344868639
2.39016735815716469256
.95346735654662032063
1.33187837282538678513
1.24527105483103557119
.63007936008093456671
.48466483264210536281
.68029405406779794961
1.11561642153564591566
1.49197855212466107354
1.06136704301575145526
1.85129684275645001165
1.51950649883440774970
1.25769630674499477914
1.16606174793618884065
1.58861574963865947441
1.47271857460955519789
.71874891304265636433
.59782940710540494454
.75173133498611057965
.94408686041062980149
.71393276994406132947
.82091412461962183002
1.34595690867129917934
1.06456563912236055224
1.72933513235578487740
1.87283208003280422236
1.84059772900001156118
1.56926734497344333160
1.78028087671580632523
.88181630740194411535
1.61990740476114868582
1.25495019821505267572
1.13282831885506817073
1.17383985279083108833
1.84271538768199360798
2.13789616211826340422
2.44298997132612069181
2.28168797165607199508
1.76742750912166126101
1.53866825534291179123
1.91731583209444134605
2.07349945743904162710
2.35671381376695800110
2.96853499221417297410
2.99021738340208302655
1.89512532567110188993
2.00912916458847911473
2.87890604223201421242
2.83107753337841314585
3.20363855639177872596
4.04813537323049511676
5.24771378792708168023
7.59524851469654019773
9.07270632171018748444
7.12511052545853494846
5.21142974624046908488
8.99134583919448623941
5.07257331144656794500
5.62411770858327608669
5.06400039494469233991
4.94543223591224632604
2.64882993036548120321
4.19740395959216677346
5.96078015028234370461
5.31783790651802398466
6.75832079735787623406
5.76594311453035408803
6.30886677621266622986
5.68866416656845722079
5.14646480605862105219
2.83044166164929108577
5.17484299278731740730
4.34725200557777648602
7.09903514570818278604
4.95557262079772169692
6.81611326196975691070
2.13855091124808155688
9.48844033548190679668
3.59001392754958542653
3.64671084677685954859
11.38767755075634375068
