2.13000000000000000000
3.11570216805136880207
2.02898989647558373444
.87686943155751529482
.76544104933038442317
.22825424421026654811
.84669947442997742774
1.59223113899961145057
1.28144449743248731935
.25690465157330258040
2.54583974358167328851
1.35196153791444821560
3.48585713992986235804
1.58568597143318386614
3.27862776173203291565
3.06289079139299382235
2.51382179161530859699
1.75279776357684801788
1.00891030324801421367
3.58191289676340398862
2.97169985025405955785
3.10967843996770830105
2.71584241074477662705
4.90389640999888985216
5.89176544000183360999
6.62166897390680501540
5.87361047397595136098
3.24753752865151659974
9.51191358245016858079
8.29880111823388619758
2.73001831495687955210
4.11173929134618164205
5.08580377128335536413
8.98370190956935079894
5.78233516842460456140
7.62143031195588640737
1.27208490282685141220
2.71545576285086993865
2.47832604796059874685
1.57413468292900528416
1.15381974328748595911
2.84882431890771390192
2.72442654516505546398
.16643316977093238068
3.07260475818156605288
4.10974451760690350580
.67007462271003816907
2.24975554227564911226
4.14313890667450347313
1.74221123862750925602
2.50521456166931937303
2.58213090295592876241
.11916375287812984954
.63387695966961916386
.61862751312886173637
.65375836514724612738
1.38383525030980476176
2.20515305591244618260
3.43687357928684947432
4.37778482796950631489
4.69929781988756273378
4.43945942655184089474
8.74376349176943371880
7.84197041565447376305
2.08904284302644209796
7.99230254682591454761
6.50908595733686712541
8.73669846108929182379
4.05208588260416810233
3.01947015219558015752
1.45773797371132511771
2.88839055530930581250
2.46385876218585224325
1.33757242794549260251
.78809897855535886996
.88351570444446543521
1.61003105560110237272
.71854018676758782939
1.14586212085049743998
1.12200713010212194462
1.62055546032834062954
1.29957685421063113053
1.48653960593049790427
1.19088202606303534721
1.09242848736198746200
2.70314631494486439314
2.29381777829015877561
3.24299244525792874995
3.51394365350385207339
4.34558396536069706627
3.07637774013530399553
2.02272093972450880938
1.79298633569807218427
3.50635137999602087797
2.13658606192214967374
2.31486500686325119453
2.60065376396013162173
1.33401649165218343637
2.80832690404803122877
3.41178838734174719624
2.71920944393770447937
2.01501861033589463967
1.81565415208954373156
5.07580535481809034272
4.01051118936227380275
3.39695451838849323149
3.33025524547293521712
2.49244859525728233222
1.57613451202617855753
.67364679172397162096
.56515484603779166391
.93573500522316680081
1.62637634021157599967
1.37426343908291469907
1.13916636186291947583
1.39731886124821202171
1.97618318988903455351
2.70240633510210673499
2.39810341728625206510
2.46485293678953592860
2.75138147118861000735
3.05019671496774122402
3.20629069174957996352
2.07193146604804474647
3.96692576184631920066
3.60219377602038505326
3.99853723253891935045
3.49748481054600149924
1.17855844148688697939
1.70613598520164857344
1.65849329211787890185
2.68152941434547758346
3.94609933985448470741
4.35608769425042681842
2.37132874144434052570
3.63848869724780098841
5.15102902340881787425
2.55675575681370081079
2.63486242525107940406
2.48785047782217008380
1.71627503623399475232
1.12911469745106054925
2.69169091836339931579
3.40901745375408719100
3.11416120327769801853
3.10982314609689661689
1.43307361988140720920
1.77600675674390383215
2.45036731940335835029
1.65894544816880582078
3.25861933953630122378
3.12494799956735280072
.92806249789548117479
2.49549594269355605378
1.49729756561613363226
1.13030969207558332782
2.11662467149941347365
1.06343782140753297546
1.12165056947339887667
1.57622967869533531379
3.21051397754315967718
3.59446797175882483895
2.04609383949026150231
2.79864252808392804927
.67985292527134131615
2.15469255347485711776
1.96598575783244167427
2.26525936704828570939
3.28003048766318634046
2.41942141843871424382
1.74951421829032301237
1.88385243583461175511
6.24334846056184821691
2.96482714504572761947
4.20445002348701963971
3.24508859663338005450
4.41490656752778857717
3.18447797919847453292
6.05202445467630277651
3.43937494321279255318
3.88085042226571777982
7.50017333133041665973
8.31666399465554938683
7.50716990616304087922
1.92823753723445597692
5.45916660306314520522
5.22448083545149967277
5.50441640866677164221
3.80701983183697113768
5.51526971235315018659
1.68896417960831839543
8.05883986687910308920
3.84962335820012397222
3.13797705536544674079
3.80894998654484829401
3.62109099581880156871
5.30106593054642171746
2.86722862708923161309
2.37476314608425738892
5.15630681786877379762
