1.82216903716422533223
2.44249872057284811999
2.16594090408764384644
2.09869006763742987891
1.32416011116480925355
1.34551105532433288884
1.79117280015078388862
2.06891275794800008768
.90027773492406219786
1.46495733726276138269
1.05541461047305953997
3.27374403397699985789
5.76668015412680920780
4.90464065962023358504
4.16676133225794443269
3.66027321384620139943
3.42813360299740943454
3.40696345739134689651
4.23492620951062144950
2.60923360395346740597
2.08657614287137865761
1.91645506078279852786
3.97042818849554310888
7.21045074873963756693
8.50509259208857760922
2.01685398579074137198
5.76452079534804002948
3.30809612919576446820
7.74574722024931562380
4.03292697677505685828
4.06076347501304242116
10.70808106058223673923
5.00642587081842249462
5.80533375440206710601
4.66786889276037829035
5.23547514558134446311
3.76039891500888506465
1.26439708952528042427
1.84420714671644193799
1.67889844838810902988
2.36366241244387520086
1.27632284317095884217
1.85315946426636474710
1.53844076909057503044
1.21959009507293064109
1.28491244837926603379
1.06470653233649318114
.72201108024738789322
2.02672149048654437955
2.32843294943187058482
1.64258941917936388489
.61400325732035005222
.31464265445104546409
1.01360741907308472502
1.58675770046973460402
2.31713184778078608152
2.07330653787615303511
.87652723859558409047
1.16309930788389690280
4.67059953325052264644
6.92362621752503331945
3.41686991265397752485
2.60007692193904140271
3.87001291987507452558
4.26620440204170245521
8.74648500827618179940
7.44881869829035374408
2.23324875461736236921
11.12642799823914737042
9.73117156358883644977
4.69320785817121038366
5.13610747551100219381
4.76262532643499051890
3.08690783795046268627
4.20491379221976440271
3.01565913193119357894
.97211110476117903464
.76609398901179220778
1.32064378240311266760
1.43867995051018904508
.53009433122794286301
2.72486696922987416508
2.15993055443919307504
2.34254135502449561344
3.33875725382963413787
4.10089014727290640698
4.29704549661741421967
4.11228646862058966651
2.61076617106932806986
1.94509639863940933676
2.52011904480720910248
4.11008515726864228678
3.10509259121205595008
1.75137089161605058349
2.36300655944921151630
3.26182464274215697758
2.39568361851059122693
1.50495847118782649815
2.24788789756073022904
3.98129375957112715036
2.10485153870765906804
2.02437644720541045915
2.49016063738868059395
3.25775996660281894378
3.85565817987020213498
3.84607592228754631483
3.36194883958694410112
2.48911630905427960879
2.01298286132793490309
.93171884171138237210
1.31061054474622628072
.93482618705297296565
.78396428490078551536
1.67943442860982220605
.94413982015377362220
1.59743544470504347201
1.41908421173656921212
3.11098055281610527781
2.40095814207578387761
2.23304724535778687138
2.83797462990774461221
2.72068006204331199380
5.12279220738065853476
3.99400801200999094841
3.79497035561544274890
4.29344849742022642094
5.54417712559763011040
2.86352929092754348937
1.84767421370760056402
.93722996110879852729
.95425363504678356556
2.29614894987237271780
1.50990065898389487390
2.63656974115990339755
2.64705496731745259011
2.91195810409421927864
2.39372095282637320194
1.13106144837493245718
1.01000000000000000000
1.02810505299799008428
.91263355187062895972
1.27279220613578554392
1.25371448105220512364
2.44777449941778746360
3.18684797252708620637
2.85685141370705522382
2.05087786081960522001
1.77724505907317125955
.99211894448196079187
1.23268000713891681094
1.80889469013538762170
2.56916328792079698750
2.29682389398926273012
2.14967439394899989584
2.25889353445442399406
1.52492622772382008761
1.58505520408596495040
1.90249835742373244236
2.21903132019356590243
1.60340263190503713230
1.20307938225206070564
1.25510955697102394424
2.16538680147450792574
2.32501612897631314475
1.61446585594121500454
4.91907511632014011471
2.90767948715122313771
1.49753130184313676669
3.02104286629633906623
2.39027195105494219996
2.39010460022150495002
4.85267967209870550713
3.99002506257792821899
2.90998281781868945797
2.97134649611922574242
3.92084174636008485763
3.90790225056871144866
4.23657880842549652670
4.22631044765999176592
1.43296894593009237340
5.11852517821295863946
3.88395417068739367997
3.55439164977637206917
5.93977272292467432924
3.81466905510818854310
2.39177758163253967731
6.44678989885663948802
2.83425475213502993960
3.94533902218808060697
3.12414788382368352956
3.68253988437328401462
2.10259363644047967046
.92460802505710494184
6.63422188353690805314
2.31892216341989366048
4.04990123336359895481
8.26216678601927038101
3.30218109739608315140
6.11177551943786626506
5.75771656127670112319
