3.55282985801459397721
3.76378798552734635831
2.11111345029110171694
.96524608261313342664
1.80704178147601224743
2.14685816951190327113
1.90142052161009348879
3.59858305448130514591
3.40794659582570336967
3.04110177402861675421
4.37759066153974702577
5.28113624137836459205
3.88310442816054072702
1.45663996924428790026
3.20246779843295223726
5.20738898105374878283
3.30593405862851414497
4.69702033208288337296
3.86160588356709442177
2.10542157298722480815
2.62486190112927655331
4.24255819052608870636
3.04115109785752013364
7.15034964180074204013
7.03674640725385243010
2.28065779984635134652
2.50882442590150178089
4.71836836205059343817
8.97153275644691607788
5.60311520495518635556
3.46656890887805661690
3.13217177051323288373
3.74511682060786990345
2.13974297521922010865
4.71540030114093282798
6.27659143166097756479
6.43456292221934838078
1.79382273371701920796
2.11170547188759256669
.85586213843118448815
3.13729182576310551289
2.83418418596957103267
1.29464280788177246182
1.83643676722069578586
1.62052460641608277925
3.77763153311701378274
3.76502324030011798810
7.26719340598555970480
7.30789983510994764646
5.48884322967963806281
3.93235298517312659623
1.19117588961496362214
1.93767902398720309829
1.48825401057749547057
1.93757580496867270310
2.20866475500470645781
1.68549695935649791963
1.42077443670696721893
1.65740761431821592799
4.45071904303113700823
5.23909343302827536049
6.84901452765286518486
3.19519952428639423143
3.71437747139409620881
4.46476203173248641171
2.26497240601292977429
3.17266449534141570567
3.04322197678710252836
4.21335970455882154794
2.80323027951682913466
4.15350454435769216482
6.64841334455071317657
2.69482838043538497984
3.70066210292158394999
5.55690561373863898383
4.69590246917458880905
4.04457661566696001684
.83988094394384255490
3.26351037994365815376
3.40606811440992765123
2.49681797494330771649
2.12964785821506180763
2.56852097519175420106
.84474848327771503611
4.73629602115408322795
2.77360775885848718542
2.04284115877862613618
1.44100659262891646216
3.30847396846340624188
2.44738636099819760354
1.11022520238012972248
1.66796282932204457444
2.22719554597255783933
2.20712482655603328248
2.58197598749484887613
3.40794659582570336967
2.42443807922578216544
2.74455825225117056541
3.31941259863850007651
2.90525386154119068920
2.75178124130534765879
3.09202199215982291499
2.17333844580175777094
1.71604195752901100212
6.13265032428883882471
4.22123204763727718953
2.82395113272166945973
2.67378009566979909478
2.57839097112908770750
4.65620016751857436724
3.64606637350446488001
2.39737356288084565170
1.35668714153263795131
1.84937827390720690276
.84905830188509434301
1.78932948335403002155
2.44174118202564622264
2.59200694443514174779
2.64160935794829436775
3.55879192985484893183
.84486685341537692497
2.17230292546872937271
3.31264244976725491456
2.08712721222258036084
2.24653065859337873403
2.74628840437416550659
6.00669626333810889156
5.95088228752678320023
1.26566188217864884863
3.71348892552542830388
1.57616623488767833710
2.65475045908273646163
3.17657047773223504785
3.76376141645561800612
3.39836725502115206571
3.41757223771495428503
4.38791522251740866516
.31176914536239791283
1.56169779406900616906
1.80997237547980273035
1.40914867916767391759
1.50731549451334175555
2.43552869003836618734
4.65094614030306740983
2.87577815556068232681
2.09668786422776816720
2.77857877340197069317
2.54538798614278055211
2.09239097684921208895
3.67415296360943579047
3.61541145652884161460
1.63517583152393736693
.64482555780614031117
3.23760714108429159178
2.28711608800253075391
2.67979476826118160104
2.87977429671146276796
3.44339948306902084892
4.43282077237507990813
3.69039293300862476058
1.73372431487823345921
2.66673958233645303950
2.68244291644761752980
2.77281445466515122896
3.89551023615649096397
3.47539925763932912767
1.92418814048938572081
.88062477821146958685
2.29845600349451979672
3.59690144429896772227
3.94106584568185056859
5.62563774162538837751
1.89647040578016929939
3.04758921116347306181
4.08013480169466949929
5.50663236470349453090
5.52118646669354937482
2.62528093734746796146
5.38265733629775099024
3.46007225358084104850
6.15643565709900033224
5.26044674908890224002
4.86272557317395816868
2.79003584206368216326
2.26528143946839417880
2.20780433915689186463
4.09902427414134740934
2.30002173902769884232
2.83832697200304954576
3.51410016931788670377
3.97705921504822454912
3.43169054548920538299
1.31556071695684194293
.63039670049897945194
2.46296569200628533643
3.12355566622399095671
3.05589594063672266268
6.56513518520372891795
3.21281807763838380703
5.86356546821129984729
