2.86944245455454290070
4.04472495974695416619
3.92970736824003219569
2.45633873885504643359
2.49469437005818410132
2.13768566445116060239
3.66307248085538160021
2.94085021719910108039
4.32127296059853178074
3.48086196221568085324
3.13097428925885624238
5.17428255896409275326
2.17864636873449473546
4.73460663624761967405
2.62442374627269366963
2.68123106053916957080
1.45320335810236827294
2.00461966467457362414
1.01434708063857511158
2.55990234188728379310
3.01365226925735411727
4.45318986794859219597
4.07646906035112696278
3.31603679111073796300
2.57248906703216136331
3.48080450470864565617
3.37606279562451266914
8.89549886178397529449
4.53344240064876086211
3.76909803533948954778
5.82496351919906876939
1.97344875788554489642
3.35423612764516028489
3.22383312223198054293
1.23117829740456357672
.96275645933953618943
3.46622272798503241249
2.84313207572212515390
3.44328331683583655700
3.25135356428672641520
4.14248717559873684154
4.67114546979646096313
2.57005836509601470178
2.86916364120278089097
4.37293951478865072124
3.63027547164123620862
4.57084237312992450560
3.70726314145624143608
1.17290238297993068746
1.98708328964842336827
1.29213002441704758956
2.12758078577524289504
.79429213769242359283
3.02378901380370783302
1.03484298325881303721
2.37507894605632004031
3.55533402087623828931
2.06208632215045740553
2.02358592602340462116
1.68392398878334172866
1.30084587864973458584
2.79222133793150431185
1.49726417174792504950
3.45747017340714018197
3.84193961430941805998
2.00663898098287724856
2.65550371869444008880
4.04306814189422239077
3.32028613224824345107
3.33054049667617763377
3.13166090118326827764
1.77544360653894045331
2.48567898168689514306
3.98584997208876390493
2.86808298345776599323
2.70270235135132851351
2.37644692766322892271
2.24287761592111842093
2.71749885004575484916
1.04192130221048844817
1.18819190369232864925
1.45058608844838988411
4.32944569200261478461
2.20386024965286762168
1.36652844829516813100
3.68116829281140038453
1.46785557872700814285
2.20165846579345725731
3.04850783171045830921
5.17726761912111319437
3.39954408707991313203
5.70647001218792001460
4.03941827494999581653
1.06066017177982128660
2.73532447800987588793
4.58741757419138812803
2.85839115587772556346
1.47336349893704099459
1.13938579945512749048
2.59990384437578767929
3.44419801985890468631
4.44776348292037669137
1.26079340099795890389
1.09913602433911700081
2.84193595986960972899
6.95376876233312779835
2.66031952968059834900
4.09880470381305188625
5.77065854127585684513
3.86959946247670444861
6.17910996827212972364
1.88623964543214921792
1.93703381488295139158
3.06478384229622301759
4.28401680668972165973
1.35657657358514045659
2.74390233062330409180
4.36570727374156408865
3.32377797092405075708
4.99481731397655824214
3.05870887794180242412
2.93880928268576149194
3.12259507461342159851
2.16896288580510293617
1.68442868652846208881
2.57165316479497289148
4.32872960578505064933
3.86053105155236382538
1.58196080861695179986
4.24562127373603591424
3.24001543206201411450
4.58066589045741252477
4.23858466943860872545
3.97896971589380157222
2.93506388346148268296
3.30511724451644831509
3.45115922553567499116
2.46034550419244979666
1.72435495185881030368
1.70146995271735551151
2.34377899982058888657
2.92564522797963321340
4.59723830141531819201
4.67771311647048316502
2.13173638145057701691
3.28476787612153805902
2.47725654706976200979
1.77208916254233663771
1.17392504019634916381
7.25356464091966302509
5.03859107290917189788
2.37021096107498414378
2.19253278196701086405
1.60682917573710989671
1.95450761062729044570
2.09716475270780764664
2.00054992439578972882
2.22364565522477074364
1.73611635554763437059
4.88447540683746303167
5.29046311772419409615
2.93753297853828357662
2.35819846493037985778
3.37638860322682643662
.57436921923097515515
3.58441069075517628525
4.29110708325951707424
9.23450594238803876898
4.03021091259502199269
4.64556778015346580520
7.00551211547021735646
4.14969878424928572549
2.15374093149570800462
3.89692186218815529383
5.20055766240506172892
2.17119782608586820591
3.61813487863567629050
4.89972448204998563468
1.64769536019253267787
5.54437552840714424853
3.19551247846100579110
3.08580621556182623487
1.30675169791357072489
1.43090880212541847372
3.37535183351306356819
5.70126301796365118372
3.48787901166310526597
4.58447379750391855154
3.97573892503016349658
9.44713713248622214578
4.39751065945268630681
3.57766683747942074920
3.39860265403297771272
1.74112032898361163210
3.37868317543980438840
3.35192482015930661594
6.33439815609975688556
2.76182910405405062600
4.40474743884368471290
2.66364412037344057806
