6.03994205270216147957
3.20145279521657167288
4.08422575282023312399
2.87520434056433630725
1.89573204857648592742
1.67290167075055550020
1.96784145702848734347
1.97471516933455494231
2.82922250803997386832
1.13859562619922267115
1.80914344373242001918
2.21449768570662543377
3.15601013940069590518
2.27883742289791265398
2.17944947177033677611
2.19929534169469835668
2.75270775782682750080
2.14571666349497318713
2.23512863164516775423
4.41086159383855525664
5.36515610210923872238
2.73660373455858603233
2.73212371608607797319
5.17000967117083834183
4.15484055049047580174
3.85905428829395972258
5.51565952538769383384
3.51820977202895052160
3.34520552432881169902
4.33919347344641916693
4.57650521686581277298
5.80442934318266983932
2.87431731024951384019
6.52328904771205121554
6.88454065279594379998
1.71052623481781184869
5.23659240346238901351
1.75285481429581041043
1.42513157287318562865
1.40164189435104999646
1.33195345264014387778
1.64283291907606964655
2.74606991899332381146
1.21597697346619191644
1.21634698996626780816
1.74066079406643728772
1.79482589684905092746
2.59686349275428799925
3.45869917743651131773
3.69611958680992896252
2.28897356909161360460
.98615414616580099840
2.34968082938938751516
.75153176912223743996
.64101482042149384301
1.52279348567033212141
1.75892012325744911866
2.74550541795131047233
2.84497803154962867983
2.61767072031605992061
2.53410733790027134280
3.80481274177849651502
5.75469373642073153898
6.38036049138291244873
6.05291665232555469722
2.86632168466834859550
6.86837680969819826323
5.27006641324376480575
2.44108582397260256589
1.69826381931665729048
3.26597611748769528567
2.41035267129107063372
1.02239913927976289156
1.87640613940585901079
3.13319325928037831912
1.42723508925474502572
1.74602405481711505542
2.17701630678320827317
2.39484863822330115961
1.87176387399693126997
1.32018938035419751667
1.71656634011039608291
1.62339151162004047236
2.60082679161838841589
3.17933955405835820265
1.96173392691261778055
3.45914729377053269185
3.62858098986366845569
2.62476665629537438316
3.86771250224211985701
3.90763355497927927187
3.89628027739278530460
3.18056598736765717806
2.73212371608607797319
3.17401953365129749007
3.12924911120862987135
2.63463469953616150272
2.02262206059362459431
3.55197128366770442841
3.83537481871068241491
1.59091168830956798649
2.43135764543186858567
3.86463452347049241644
2.95047453810399794136
2.33619348513773576099
5.86327553505717484800
3.03963813635768163948
1.74140747672679986113
1.74335882709211645532
1.85658288260987691354
1.70120545496421448548
2.37777206645212316069
1.75513532241818892749
.87045964869142555791
.31968734726291561506
.51662365412357959512
.64474801279259480940
2.00992537174891147747
1.64566096143768325096
1.49147577922003145079
1.67547008329005982284
1.41318788559766531845
2.85749890638649239011
2.08753443085377636125
1.52741611880980226874
2.05353354002314751576
3.47420494501979546071
2.43831909314593195636
2.61375209229949732813
1.38517146953003619825
1.32981201679034319064
.85982556370463887249
1.06075444849408951229
4.70338176209416366784
3.43850258106635714649
2.66848271495245027753
3.45493849438741817958
2.74176950161752291674
2.75078170707891686750
2.30479934050667412976
1.02009803450452741277
1.09726933794761621416
1.46894519979473706710
3.00502911799536478301
4.04594859087458005728
3.68192884233250765304
3.75969413649568041560
2.72637121463677429283
1.46454771175267622279
2.33027895325860075451
3.54976055530510395579
2.63431205440813332660
1.05133248784578135474
1.71642069435205773505
1.71723615149460442518
1.58600126103354659344
.77272245987805996993
.83258633185994592088
1.22515305166334218293
1.63554272337961260607
1.31977270770386822694
2.68408271109517040531
2.34320293615384495574
2.22901323459507525643
.77935871073594859769
2.37246707037210529119
1.80080537538069338138
2.36788935552318406886
2.30343222170742414922
1.78854689622609560469
5.22490191295492168304
7.03580841126305826300
5.03357725678269489695
3.14604513635770966508
3.14545704151240952852
3.26724654717087427821
9.78251501404419005760
7.57382994263800459672
6.04537840006727783987
9.85419200137687595279
9.69107837136817297754
7.85743596855870025612
6.39929683637194626424
8.88612964118800148399
5.00288916527240287412
6.11743410262832336788
5.14771794099093972493
7.94633877958900013068
2.24824375902614260987
4.58429929214923750052
3.00672579394929194464
6.84261645863627227165
5.29785805774371422050
2.47082982012116730888
3.66263566301645678714
3.50914519505819251588
2.98444299660757467783
3.38356321058141309256
3.80549602548734768744
2.53665133591512729993
