3.85353084845573800163
2.91566458976336988404
1.76643709200186350706
2.28984715647136588529
3.11733860849282781278
2.00653930935827918058
2.96909076991593505576
5.53905226550535448185
3.65403886131496964953
5.16343877662938887295
2.88958474525319987196
2.18917792789896362959
1.76184562320312275423
2.10278386906500688040
2.53789282673638525732
1.50099966688870387637
2.47408568970438046952
1.17664778077383887955
.37656340767525460664
3.05897041502529082567
3.45501085381797317444
3.31046824482579805337
3.87019379359742139515
2.08108144963141699712
3.27099373279742008129
2.18954333138214005979
2.45823107131937456519
4.54766973295115176397
3.24736816514543050356
.89576782706234766846
1.16112014882181766400
4.24665750914763551290
4.02405268355174495222
4.52536186398391791635
2.68378464113646793930
5.49051910114153049742
4.93227128207684861929
5.45021100508961946373
2.14422480164743920443
3.32370275445924917324
4.45971972213501327337
3.39284541351356000738
4.89826499895626308487
2.16025461462300781263
4.87668945084675245204
5.78304418105205210440
2.64486294540945920826
2.07048303542917250341
4.74919993262023029773
2.71913589215397618383
3.49463875100131057881
2.32950638548169684986
4.31826353989656356174
1.03116439038593647510
3.96184300547106485164
2.79467350508069189015
6.18178776730485952065
2.23161376586541068056
2.74583320687910685045
2.02091563406293633433
2.65732948653342572282
3.00775663909166693738
4.15829291897528546389
4.08482557767158523260
2.88433701220921824511
4.11885906532379425136
1.28331601719919322450
1.91554169884134863747
2.84817485418293797561
2.76814016986134573163
3.59360543187479056325
3.58572168468217845313
3.59147601968884096849
4.01845741547673987541
2.38882816460288746320
2.36512156135789350255
2.73327642217174953627
2.72904745286702554251
3.46049129459965554180
1.51766267661822664986
1.56400127877185573610
1.44062486442515631044
4.32057866494755537855
4.42860023032108871338
6.34839349757086182465
2.15705818187641846463
3.46873175670878303792
3.68381595631486454421
3.50345543713631385472
2.40060409064052042408
2.17821027451437754896
1.01931349446576051890
1.98587512195505384955
3.30673555035778450742
4.34391528462515023757
3.98393022027243845650
4.02155442584083399844
3.12713926776534850253
5.72766968321323501931
2.62823134445961586853
1.62040118489218588944
3.01272302079032814629
2.61843464688351540304
3.15931954699109219435
4.75600672833838619244
2.16910119634838613953
4.28862448810804604816
6.97792232688212143587
4.07171953847511457010
3.54177921389800919928
2.24252090291261276350
2.83527776417055829877
5.31147813701609808292
3.13906036896393567909
1.22727340067321592708
.66377707101104358649
2.00683830938120174206
4.35718946110907598665
3.41476207077447783930
4.61553897177783561177
4.37022882696089496196
3.10831143870751793107
7.05590532816306996118
4.79792663553747974563
2.35741383723774727486
3.92545538759517683554
3.02076149339864301707
5.87907305618836480197
1.86820769723283176499
4.28832134989904878513
4.23740486618873840175
4.27182630733039051075
1.52131522045892908367
1.34394940380953329994
4.02964018244805574601
5.18044399641575123552
2.96076003755792407851
4.39373417493593938520
5.38603750451108537395
3.79226845041328792267
2.86818758103440647332
.92336341707910434196
3.54832354781803966203
3.62481723677208310639
1.98285148208331528583
2.91357169124083850815
3.72882018874603284349
6.77668060336327198220
4.36900446326162500522
2.79329554469268432261
2.42703522842170546026
1.82565056897534474490
3.58654429778861089142
3.55860927891781904177
.67327557508051634354
3.11167157650032211750
3.81608438061843700631
1.77969098441274349227
3.71993279509186832298
3.18347294632764234521
2.97148111217285040982
4.56107443482344409765
3.81535057366947605112
3.31037762196399581690
2.29403574514435149417
1.88178107121949762692
3.42610566095092869948
3.51233540539624432946
3.46948122923298145345
3.51400056915191748236
2.84334310275773788826
5.64689295099526390871
4.05123437979092984493
6.59261708276766215521
5.37357422950497632743
4.63604357184010944235
2.60405453091904356149
2.85875847178456123591
2.62545234197842562933
4.48832931055643465025
2.34320293615384495574
5.29921692328215603497
6.36113197473531435613
2.94229502259715621468
2.80472815081961196476
1.20049989587671351867
4.53671687456909746266
3.33267160098321118693
3.45638539517803193717
1.31586473468970206307
1.56467248969233174793
.54194095619356911637
5.18143802433262729457
4.42082571472796244636
2.37090699944135303486
2.75530397597070947935
1.71540082779506667696
2.00773504228023076062
2.99643121062373130528
2.49993999927998271948
