7.31454031364924531304
3.33066059513724694379
1.22869849841203924212
2.45705107802015381708
2.86379119350556003486
2.08990430402925387152
1.01286721735872170540
1.55951915666336077232
3.60524617744752625928
3.37628494058188163462
3.20588521316656002321
6.00801964044725805854
1.76397278890576994070
2.45212153043033329995
4.52714037776607938928
2.09181739164775088165
1.38452157801891986258
2.09475535564418595902
2.34821208582189185529
1.59655879941829890626
2.92378179760391832151
3.73097842395262318139
2.13700725314632472353
3.45550285776180483250
3.44326879578112518868
2.85835617094861010604
2.90477193597018903724
4.78550937727636262543
4.18165039189074246070
3.39135666068905232744
4.60586582522765202620
3.41401523136614022927
3.07480080655641821691
2.94660821963151389020
.58146367040426523968
3.75543605990036794821
1.95923454440758572492
4.20980997195835432165
1.75698605572155865075
2.82115224686651748238
4.98119463582783522614
3.31481522863643185598
3.20320152347616118574
4.52822260936893428253
4.27107714751208866524
3.49074490617690366916
6.44336092423821932840
5.48096706795434048245
8.01818558029184056375
2.60938690117046460197
1.96175941440330546970
2.50315800540037823637
1.94133974357916033470
1.26431799797361106774
2.82568575747551942818
.79881161734166084923
1.11584049039278010956
2.49385244150490988908
.37815340802378074032
1.11072048689127905182
3.46187810299554019406
3.76982758226420747800
3.55363194492620465018
2.04129860627983577722
2.79041215593682504298
1.25175876270150391945
2.34608184000473436169
3.21822932681933031942
4.08957210475619319407
4.60692956316894430549
2.00379639684275308360
3.46356752496612948595
3.85749918988973995092
2.87808964419109086234
.74215901261117889896
3.69530783562073485883
2.83638854884164274648
1.11058543120284087400
5.06393127915456609427
2.44863227128942331923
2.23655985835389614774
1.03193992073182244924
2.66193538614294693402
5.44931188316469917207
2.49609695324520597837
4.26367212623109658361
3.10201547384921985659
2.14562345251910406125
2.15909703348413685879
5.34218120246777102898
5.36658177986695736144
4.35560558361291478405
1.38470213403460890311
2.40528584579878987820
2.94484294997203543570
3.92181080624754258427
4.45405433285226101989
2.33156599735027873819
3.23026314717547430958
2.60771931004853357856
2.52689532826351950576
2.50337771820394694508
1.40943250991312102627
2.92535467935086462739
3.82388545853559792529
3.23148572641130506974
4.89688676609945719500
3.24536592697957559609
2.54208575779811173544
1.31274521518838528958
2.74271763038049543945
2.38968617186441450103
1.58937094474512148104
1.10154437041818701312
3.03784463065509655435
1.47895233188903015434
2.79917845090305023232
4.09738941278468185578
3.52103677913196470490
3.56855713139078102668
1.28202964084298768602
3.94834142393993075508
5.21648348986172868151
4.48858552330241336129
5.69836818747262065682
4.56256506802916729646
2.06390406753802391938
4.96414141619676262018
3.88416014087987880942
4.37004576635073697256
3.22561622019731293389
3.29012157830071683811
1.08231233939191509154
3.01270642446289479146
6.60313561877991417042
5.25724262327695886225
3.74958664388489628084
2.83176623328974667679
1.90751146785543598733
2.52527226254912957256
2.24073648606881036791
2.65007547062343113187
1.18718153624456272538
2.50161947545984699067
4.81220323760333297916
4.12132260324279880316
1.85456194288570474806
1.34532523948671980603
5.82815579750575988323
6.34499014971654625026
2.88236014404862322020
3.13007987118539836151
2.93785636136282197236
2.82457076385067754244
3.41486456539640822107
2.50728937300822937939
3.11011253815677866058
3.71942199810669507203
1.86357183923775796038
3.02312751963922289322
3.38598582395142345640
7.06990098940572151489
7.05065954361717851341
8.17124837463652184142
3.63242343346697398766
5.35978544346693042137
4.40146566498024610002
5.43480450430371966291
.53094255809833138671
1.48963082674869480562
5.49292271928160300055
3.62694085973289616858
4.84273682952109219816
2.16538680147450792574
4.55290017461397894857
8.29094083925340767474
4.22875868311257505835
2.72657294052442323434
.96130120149722064102
2.56972761202427834285
4.86638469502771636357
3.56468792462958810410
2.57140039667104352727
2.20188555560910113346
1.10697786789077224079
2.81264999600021331911
2.44511758408465910733
5.13713928174037344739
4.25709995184515253119
4.53982378512646677815
.82619610262939391331
3.74594447369418437833
2.40141624879986185205
.90542807555321587785
2.47541915642583650100
1.65444854861068435705
3.16283101034500418975
.64753378290248301144
3.44339948306902084892
2.65273443827308126572
