4.16193464629131340231
4.58062222847507912671
1.79696967141908101820
2.66398198192104895475
2.24684222855099463256
1.10168053445633684755
1.63551215220187220717
3.32716095192282514861
4.89359785842686505481
6.51031489253784098402
4.29336697709385192033
2.57796431317425338792
1.67230380015115674555
1.40420796180622761771
2.42886804911259022473
3.08410440808997255970
4.19132437303532974838
2.90174085679614057434
1.53521985396229161715
2.00222376371873081412
2.19406016325897499305
3.66275852329907219615
2.89333717357656053739
6.92882385401736129313
3.23613967560116292332
5.19238866033735960742
6.09100155967801407030
4.76327618346868482313
3.73472890582435715294
4.10527709174423450390
4.90759615290418940559
5.96719364525737508766
2.98211334459305889073
2.29758568937047481776
6.47959875300932503659
5.25458847104128602662
4.60314023249346597613
.99814828557684754458
3.04525860970788489124
2.26475164201287201539
1.89718212093620574473
1.52689226862932278061
6.27127578727008305375
5.96356437040801966725
3.77968252635059284816
2.78820730936564327772
.82861329943466391360
3.14469394377258913561
.87458561616344914594
7.20436673136508230600
2.95572326174153185047
1.80172139910697625037
3.08060059079394451771
3.13670208977518296931
1.87141657575217602858
.52554733373883650595
2.10023808174216286873
1.84515581997835619107
3.26505742675377763408
4.15966344792460343104
2.30132570489272552252
6.17897240647666268569
6.37603324959962861704
4.51720046046220977315
3.47302461839820536564
6.17290855270025849424
6.42056851065386576644
4.72116511043619401184
3.51670300139207092524
2.12200377002492622809
1.02332790443728250754
3.27922246881787512553
1.83613724977192268713
1.26146739949948766006
4.20535373066285590434
1.60143685482756390821
2.25756505997058698277
2.50491516822426543427
3.25039997538764450440
3.69283089241844379369
3.80833296863601463111
4.20754084947490438503
1.59843673631457807533
2.52239965112588770354
2.31939647322315293719
2.34697677875176259699
3.60811585179855332205
3.28574192534958533374
3.70892167617489598558
3.40160256349856368695
2.99217312333360818188
1.25451185725763469166
2.13717102731625107532
2.18956616707511262184
.67424031324150293646
1.71280471741526914793
.92444577991356529313
1.05588825166302518151
3.14442363558093107016
3.21381393363088150016
2.89416654669353816024
3.69406280401403029530
2.82253432220052906126
2.18936063726376518592
1.76974574445031510012
9.21337071868922465318
3.05695927352655452415
2.06736547325333843595
3.17340511123304268242
1.44260181616411394285
.37443290453698109783
2.52408399226333195332
2.82035458763610076675
2.08033651124042910213
1.83578321160206713553
1.78317133220562964500
1.61820888639260660809
1.46017122283655487743
2.55581689484986384851
5.53993682274446158688
3.84506176803442261684
4.93919021702950816816
4.90046936527512637811
1.74152232256724174324
1.09790709989506853539
2.22400539567690797452
1.63694838037123210930
2.43032919580866657538
1.55344777833051085798
3.49702730901547293021
2.61199157732179527026
2.63098840742409961687
2.80374749219682762786
2.57724659278075290658
2.78030573858343859657
6.23649741441460071740
2.82874530490109695913
1.61632298752446133735
1.92356439975374882170
1.12933608815091001677
1.85493935210831084465
1.86026879778165391879
2.57536405193518223108
2.58335053757712098841
2.81960990209638751722
4.59822791953595967028
1.61276160668587345931
1.77766701043811914465
3.14855522422586706008
3.55043659287136122205
1.44194313341407468973
1.61551849262086752505
1.83341211951923127893
2.24376915033610353807
2.16430127292851722334
1.37444534267463688037
1.05042848400069578463
.69864153898834271934
1.01237344888138981654
.88294960218576462077
.41928510586473257170
2.53031618577599902290
3.24721419065635397761
4.27747589122370156696
3.21267801063225133159
1.61248255804520254661
1.63245214324953489584
1.63722325905784761423
2.44814215273541662858
3.75214605259443492255
2.61820549231720923758
6.30464907825962982835
4.04001237621866698162
3.29208140847093876965
5.84710184621407120569
9.59983854030889417437
3.42826486724698679603
4.58028383399981010390
4.05228330697645077669
3.96756852492808244880
3.75725963968422070505
3.99243033752625419556
6.14974796231520369451
5.21363596734562970388
4.38253351384789754695
7.05238966592175761633
3.07753147831179786943
3.82640823749897339675
4.60900206118417786068
3.42223611108292760355
3.39520249764281364579
5.45672062689670782086
5.37025139076375082875
3.28348899800197290077
3.24913834731610035823
1.51769562165804510829
4.77734235742007503868
1.12165056947339887667
5.38375333758893526817
2.01089532298426712512
