1.52170956493018075528
2.41849126523128050763
6.35177927828100777433
5.78751241899315495542
2.90058614766050346315
2.33274516396455101514
1.43268977800499435265
4.76530166935945409932
.87183714075508391362
6.76181928182053679469
4.41501981875506420698
6.13714102819871656890
3.17392501486723847900
.60539243470661243472
2.46475150877324751055
2.41863597922465380660
3.37452218839941842217
4.76001050419009054522
4.19977380343275154345
4.53898667105335307130
2.90938137754403040724
4.87399220352269336700
5.24332909514556410129
3.97553769948166885698
3.71874978991596045239
2.57196422992233700310
3.27113130277584546855
4.09406888071024032203
2.73585452829641510528
2.90320512537436803141
1.42372750201715215725
3.97881892023248527228
2.54043303395306997806
4.04146013217995260728
2.43355706733990522213
5.60155335598974724253
5.64479406178825978257
4.73482840238165336618
2.62139275958411085255
3.16319458775460097365
3.25026152793894417717
3.34550444626815583612
4.03291457881269783782
4.29542780174454800485
4.36621117217204692544
3.51955963154483291104
4.53390560113463323968
2.06286208942818084840
2.91880112374926976627
2.38949785519887002052
3.14022292202321203297
5.84996581186591209295
2.34369366598964891258
3.94372919962818948114
3.27195660117917823216
1.60443136344313588714
3.12948877614219923567
4.57283282003617534393
5.25216145981823372962
1.84190119170383295563
4.94908072272012956707
6.04404665766239762901
2.96883815658583854708
2.68190230992853279954
2.15271921067286432110
4.68642721057310352417
3.33760393096604558754
2.72459171253235665419
2.58700599148900310388
1.69038457162859836603
2.78799210902757040066
1.42849571227917936652
.81663945532897196651
2.83416654415367764216
3.10093534276353462958
3.75957444400293794740
1.28280941686596610359
2.51908713624598543778
5.44155308712503511490
5.70396353424528828307
3.71059294453056383752
3.90913033806753493876
4.08257271827459308514
5.75974825838768755471
2.42950612265126839708
1.40730238399570687290
1.79961106909243031583
2.15195260170850417362
1.93439913151345268070
.40914545090957567678
2.01459673384029886846
3.39396523258562564786
3.22026396433584307498
3.09493134011079476806
2.62331850906442544392
1.45526629865464829295
2.32727308238633654334
3.74586438622649552000
2.37090699944135303486
.89067390216621930613
2.39244644663156462470
2.07735408633193777921
2.02795463460108002485
2.62413795369069726048
2.57351899157554304612
4.14749321880096628567
5.45292582014463130913
1.98929635801204844009
2.84202392671138502503
2.05479926026850613133
2.34748801913875590284
2.84313207572212515390
1.93364939945172066862
3.50479671307766436623
2.36562888044595870840
2.84383543827697596964
3.59435668792066322383
7.79381806305484654787
5.07886798410826977069
4.61953460859424669382
3.03082497020200755769
4.30883975102347012312
4.81639906984460746729
3.59380021704045201366
3.33184633499205662271
1.26657017176309659057
6.99914994838658960988
2.29168060601821212864
2.61224041772574983638
4.43353132389971955637
3.72223051408694998893
1.89689219514446840374
2.91868120903945246200
3.86244741064522456495
1.93199378880989159353
1.11807870921505342829
.97051532702992382983
3.05838192513623124832
5.93014333722212822534
5.58601825990570854310
4.93206853155955244782
2.61168527966139136027
2.84494288167618577937
2.61530112988925235159
1.80673739098962580804
4.67415232956736231356
5.32992495256734360709
3.46361083264272055833
4.26840719707012020683
1.90614794808797567270
2.39974998697781015322
1.16314229568011153121
1.71988371699949528884
2.52192386879540834405
1.72429695818324750647
2.79188108629289582069
2.03130499925540477659
2.42563393775730306506
2.99382698230876394778
3.22374006396297404702
5.16336130829520780689
4.10780963531661238056
4.77716443091505905095
4.04778952021964699389
2.74135003237455978840
4.40730076123697280855
1.76513455577754751517
3.35645646478544392872
1.72493478137580610384
2.44583319136853648186
2.65013207218055455161
2.77859676815474612687
2.41201160859561370395
1.54259521586189291539
2.07484939212464286274
2.40303974166054940007
2.30932890684718187026
3.56140421744008159700
4.64523411681262842246
3.96541296714478402634
2.73148311362160904719
2.29074223779106146729
1.66400120192264284313
.78415559680461377167
1.56256199876996880715
3.70877338213053939621
3.14556831113234608132
4.01383856177599649110
1.56878934213615819044
7.18036907129431613592
5.32115588946612237850
5.11982421573241125666
2.46365582011773714397
5.68437331638237848767
3.35317759744395286331
3.56886536591113226600
3.14327854317748938500
.88752464754506958988
4.13401741650903062568
3.11849322590253512963
