5.25951518678290347229
2.50287834302828230772
1.29205263050697745174
2.08779788293790546223
2.57270285886263981505
3.07671903169593956993
2.06070376328088458217
1.38917241550500130854
1.28097619025491648675
1.73037568175237599182
2.16383918071560946583
6.08572920856654613605
4.90470182579940327201
3.02559085138754344429
2.39014643902837049579
2.31890060157825652326
1.98987436789361151869
1.77112958306274134685
2.33040768965432312401
3.42801691944482677753
2.77764288561362761804
1.14455231422595970390
6.03334898708834843080
3.34118242542965618299
3.65134221896551350901
2.82717173160740272707
5.27402123621056345856
7.92325059555735621818
8.67358057551781783180
2.90731835202132619840
3.29948480826931524758
4.80624593627916631188
4.02050991790842371502
4.84357306128440680508
2.97689435486044751241
3.12310742690673386320
3.00081655553950848300
4.55768581628878846087
3.88092772414019583735
3.13038336310427001349
5.13475413238063424999
4.06153911713281422139
1.12831733125038897454
1.11341816044108064476
1.12845026474364389685
1.90268231715123688958
.42343830719480258190
2.56390327430657960849
6.05584015641099959176
5.29863189889616695196
1.93584606826059390584
1.74017240525184745270
1.72397795809575245276
1.77417586501451428125
1.06287346377638010913
1.12538882169675028276
1.44754965372521850498
1.56009615088301528698
4.07427294127430790122
2.74069334293349937344
4.50042220241612442429
2.43721152139078810813
6.69442305206356076463
6.46657560073335878107
3.73356398097046141942
5.11471406825445130864
8.96792618167656417958
6.31248762375024383698
5.50186332073053228805
3.08423410265822720670
3.56747810084378794074
2.29891278651452978515
3.49240604741201305806
3.52598922289901504457
2.17257911248359377206
2.94448637286709139899
1.71668284782017904333
.51127292124656866086
.90227490267656231644
1.21379569944863456004
1.31403957322449006980
1.58183437818249480602
1.94848659220431896714
2.67144155840999074624
2.92831009286926441792
2.49499498997492978933
2.96957909475400233866
2.27758644182827888557
2.01615971589554382704
1.61907380931197821658
1.82090636771910927380
1.90144681755761972718
3.79547098526651893571
3.94353901971313071981
4.29834852007140063179
1.93610433603150633510
2.00374649095138779234
2.01578768723295856924
1.53772559320575789134
2.21282624713283803727
1.99183332636041613149
1.30007692080122705330
2.03000000000000000000
1.53782313677483731633
1.71938942651163235539
3.97348713348866904318
2.64703607833365202888
1.66943104080402194970
2.20755520882264686340
2.66340008260118517253
2.75279857599498187476
.63631753079732134628
2.16880151235653651275
1.52807067899361252026
1.51957230824992332774
4.43361026703971805027
4.62064930502196844659
5.85475020816430732888
4.60783029201380202046
6.03954468482517314340
1.25805405289279999203
1.03489129863962041141
.95968744912080620582
1.35384637237760474046
2.28519145806210294437
1.79206584700451227588
2.46773175203464932844
2.78327145639802802185
3.60056939941448705302
5.95440173317185578020
5.28356886961833781300
5.14468657937487966464
5.74015679228363935463
3.99415823422157375099
3.51728588545201994929
8.23865280249143646360
5.57856612401430624110
2.19938627803303346880
1.58798614603528578768
2.01335540826750208424
2.87224650752681741336
2.88246422354207199620
3.03125386597691616040
2.69660898166567708997
2.56173769148989959580
3.62051101365539281796
4.43960583835997765032
2.96760846474058973021
2.06177108331647720778
2.40043746013096537828
3.74318046586054944912
2.88334874755032017788
3.47357164889397380053
4.17767878133300239017
3.80364299060781991261
3.26865415729471141001
2.45487270545745406069
1.52164384794865845111
2.72957872207415919400
2.58938216569126775161
3.04100312397077290473
3.25739159451239451374
1.53521985396229161715
3.83448823182442431133
2.53410733790027134280
2.99888312543186650943
2.32109887768703209978
1.76686162446299115945
2.38444962203020762415
3.43618975029028337272
.78676553051083777128
3.19790556458442030711
5.22617450914146187774
5.43876824290206357382
1.93106188404204177642
2.20966060742368306356
2.85205189293603141480
6.97752104977118646599
4.92883353340321283770
5.10660356793044979754
4.39531568832091968542
4.12531210940457207002
2.24483852425959582648
2.19804458553506143386
3.96289035932108522925
2.90506454317283628919
4.08271968178076120043
6.30847842193345383562
5.29023628961882949276
4.94737304031139337735
2.04631375893336552622
3.94204261773005188802
3.61310116105264896581
2.99060194609713982243
3.09777339390730773962
4.25621897932895365260
2.11834841326916757978
1.53733535703827484694
6.07528600149820107215
2.89193706708842473040
