2.97048817536781317516
2.72818621065351768997
1.85194492358709199276
1.20871832947134544560
.75193084788429846675
.50408332644514240072
.60737138556240859510
.79987499023284882300
.28600699292150183368
.79246451024635797250
1.10249716552923617936
1.15381974328748595911
1.23405834546021364362
.36027767069303642870
.94090382080210515000
1.38137612546330045511
1.62653004890779684605
1.63792551723208708303
1.74005747031527668448
1.75516381001888253951
1.11018016555872587792
1.12845026474364389685
.95551033484730033033
2.26227761337993176013
.88323269867006169395
2.47115357677340644881
1.24811858410969908929
1.20689684729060420228
1.32744114747132951754
2.89594544147502889381
3.22204903749151527403
1.81187747930151171135
3.28394579736024266798
2.48286125266797782052
1.87216452268490548917
2.19820381220668435087
2.15267275729498653401
1.03961531346936208931
.37456641600656084447
.61554853586049573187
.92854725243252968229
.56089214649520633130
.91766006778109289155
1.44173506581479802751
1.40740896686073447796
2.07390935192452420745
2.50429630834691764116
3.77589724436457619023
3.19951558833520922103
3.04507799571702268080
2.40792441741845377217
1.65281577920831818273
1.35981616404571393813
.97329337817535777170
.90779953734290920269
1.05948100502085453858
1.10022724925353489446
.96234089594072640138
.81700673191840959273
.81308056181414151428
2.14366508578182520157
.94392796335313639229
2.46207229788241596225
5.56995511651575160159
5.16579132369862574958
5.20451726868112139997
4.96210640756523882103
2.38411409122969616325
1.69811660377018868603
1.36813741999844445450
1.61328856687202739253
1.67499253729680837643
1.56646097940548777654
1.60015624237135043587
1.31461020838878320342
.91181138400438936393
.89922188585465378451
.75967098141234801282
.78192071209298452756
1.22458156118733063340
.93562813125728535888
.85217369121558780964
.70028565600046385642
.80124902496040517802
1.03198837202751465885
1.49936653290648047597
2.07407810846168471871
2.84587420663668829000
2.63055127302244386418
1.58977985897419143268
1.82803172838985483512
2.69269381846507012030
1.87949461292125016827
1.57917700084569367439
1.56275397935823538890
1.13798066767410420714
1.12133848591761087382
1.05328058939676658222
.89459488037882264643
.82462112512353210996
.75312681535050921329
.73545904032787577122
.88141930997681234144
.87045964869142555791
.86544786093675221469
.87086164228308965060
.66075714146727161952
.65673434507417076306
.65467549213331638202
.81981705276238307825
.99629312955575479066
.58813263810130449178
.83246621553069647680
.77362781749365760509
.58728187440104091807
.37709415269929604147
.61611687202997452080
1.67263265542676763799
1.21404283285228449965
1.09922700112397166314
.88283633817372968395
.76006578662639459711
2.33535864483380796206
1.56185786805330016879
1.63223772778354807883
1.42811063997156746902
1.88350736659031944440
1.54576841732518264050
1.68694991034114584347
2.04914616364963092400
2.11478131257111310800
2.03405997944996695714
1.49806541913228876187
1.62000000000000000000
1.50482557128725055434
1.53173104688780138338
1.44682410817624959839
1.26079340099795890389
1.11991071072652930494
.60489668539346452596
.48795491595023407449
.51778373863998471461
.93733665243603911895
.94302704096966381741
1.57619795711071773993
1.45320335810236827294
.98402235746958513910
.67549981495186214447
.76367532368147132635
1.14376571027461738642
.96834911060009757206
.65145989899609323535
1.03174609279609098987
.54488530903301109279
.58223706512038547819
.49376107582514035185
.18493242008906929350
.41773197148410845571
.81553663314409120416
.39899874686520006663
.38716921365211878116
.51390660630118387299
.95131487952202240322
1.44727329830961781618
1.45825237870541462731
2.23917395483245115383
2.05285167510952919308
2.83065363476353284476
2.42293210800467952360
2.18029814474993304755
1.65659288903459923067
2.67488317501905118248
3.83962237726576439953
2.62286103329932445736
5.89316553305606714314
9.29581088447909422076
5.11290524066308117217
5.84045374949583861525
7.80393490490534524935
6.59051591303746113639
3.21348720240177710902
2.12906082581029140497
5.12165988718501299117
13.84778321609635828718
9.59254397957079996623
3.86984495813462790464
2.91262767960479287895
3.26231512886171068622
6.81901752454120035604
8.64021411771722240575
5.30141490547570705794
3.55647297192035469010
21.16266996387743131408
10.92228913735577684922
7.21199694952791837354
8.72601283519569434743
20.27936142978866087747
.79931220433570260856
3.59391151810948178218
6.70985096704837401860
