3.08779856855980811240
3.42679150226563973834
3.58142429767822957958
3.47427690318431584855
2.80403281007908322228
.80746516952745398279
1.31125893705248011171
1.72478984227064602689
2.21503950303374950893
.46054315758677817967
.74222638056054030286
1.73011560307396800264
1.44595988879359997272
.59447455790807397681
2.00062490237425566240
2.92332003037642117135
2.64871667038964361934
1.64429316120939942319
1.99484335224598525366
2.23358456298390457872
1.48317227590054419814
1.81496556441162265925
1.89770914525909370187
3.06767012568170373673
4.73321243977068918545
5.31485653616351153527
3.63975273885466016555
1.64076201808793709045
10.17714105237811863157
8.68142845388937130990
7.39010148780109785036
12.17642394137129244853
10.46212693480632550865
5.55959530901305801150
8.19834739444480969232
4.26592311229351624374
2.82761383502061681364
2.25783081739974485626
2.53850349615674155762
1.57410291912568410686
2.11768741791606251210
1.48640505919483468367
1.18966381805953903693
1.34149170701872026145
1.30541181241782855256
.98035707780379695690
.85399063226712270535
1.22560189294892980758
.62329768168989687009
1.87968082396985685693
2.31672182188539848009
2.04985365331284077012
1.24217551094843276176
1.69687948894433867513
1.33090194980697206881
.81523002888755269403
1.34149170701872026145
1.24438739948618894716
1.47397421958458961372
3.14637887101982681744
8.83091161772101533017
9.31004833499805198514
7.57431184993065888223
16.79587151653643723478
2.73631138578927087722
2.74974544276374790394
11.08369974331675948075
6.16214248455843481074
2.25860576462560194183
2.91008590938480714811
2.78808177785372715921
2.36482557496319377064
.70526590730021822032
1.64684546937470730013
1.90887401365307501008
1.37266164804004049219
1.37891261507029516333
.37215588131856790528
.88283633817372968395
1.30361037123827762219
1.13622180933125905211
1.06995327000762047299
.76183987818963638180
.57297469403107149789
.37202150475476548719
1.02279030108815560668
1.54210894556772479673
2.69128222228736167156
2.73470290890985085082
2.20392831099380362762
3.10789317705740973879
3.10129005415488346256
2.71643148266250220176
1.31670042150824877754
1.37083915905550349141
1.81719564164126257679
1.38830832310405745834
1.69873482333176416225
1.85636742052859783536
1.64708834007165505160
1.50827716285833884530
1.01316336293808018845
1.33060136780329517290
1.16657618696765793360
1.95971936766466641969
1.97367677191580688674
.31192947920964443529
1.22090130641260270542
1.33633828052630446226
1.51795915623576644375
1.73236832111419077403
1.45044820658994921589
.95530099968543945829
.77064907707723883317
1.22531628569932914280
1.83360301046873284195
2.13920545997807326090
1.49412181564958082904
1.04613574644976165253
1.97506961902612435480
2.31192560433937839114
1.81747077005381299749
1.95749840357533880671
1.57965186037936852739
1.93672403816341371913
3.34441325197709381400
4.53505237014965462239
3.25946314597971793051
2.39622619967314438008
1.74393233813700467201
1.49753130184313676669
2.19592804982312660471
2.56327914983912745125
3.65340936660539041761
2.89515111868102663985
2.94967794852251624585
1.87419315973567676448
2.02743680542699036797
2.36791047128053386629
1.67194497517113283736
1.66616325730703832490
2.06111620244953680777
1.61895027718580659317
1.70745424536061873355
2.52469800174199052658
3.20118727974481368049
1.72875677872857522455
2.26911877168208187206
2.38277149554882832453
2.25895993767043155147
2.88937709549999721042
3.29752937818603823883
3.20669611906086292940
2.00289790054311055988
1.98199394550033880773
1.67552976696924128385
2.08837257212404511123
1.71260036202261734778
1.53954538744396879830
1.56428897586091809675
2.41896672155695436718
2.24717600556787718652
1.75051421016797232967
1.83341211951923127893
1.16185196991699420193
.77858846639286919249
.85871997764114001076
.53122499941173702259
.79233831158161221404
.96462427918853462787
7.25128954048864332065
1.80961321834252747038
5.38770823263472573876
1.48865711297128459997
3.21591355605215234460
3.33277662017723594087
3.03408964930174731315
2.37438413067473140909
2.70558681250482147599
2.85566104431180697506
4.41653710501791210752
3.37741025047298629175
2.25583687353496374219
2.67239592875007950233
8.60967479060620500508
9.01860854012413602331
3.27858201056493323765
3.25485790780488603497
3.68061136226035144265
3.31339704834781308465
4.21958528767934728659
1.94961534667739010388
2.27316959332118464794
3.54155333151994197101
4.32689264946566475363
1.98690714428228879927
3.27536257534948335069
3.41035188800217506235
4.30397490699004889075
7.77701742315137159549
