2.92065061244921933575
3.49103136622975646388
3.51533782160406313345
3.13984076029342609080
2.78772308524358279741
2.15111598943432150761
2.15617717268317261999
1.58101233391773386253
3.49859971988794396862
3.09247473716439598015
3.11578240575300765016
3.04548846656821210822
7.77718458055355659307
4.36830630794132842023
3.65384728744921686279
3.84745370342516272363
5.16749455732659673983
3.26501148543155970319
3.38549848619077069585
5.51887669729991340381
5.61271770179117417546
3.05959147599806206545
6.26151738798192590310
9.70870743199114018909
1.44481832767998897640
5.37693221084290777205
3.26162536168702244778
7.38123295933680716666
1.42551744991073329196
5.38517409189340878823
4.45853114825948031079
3.21757672791186131179
.92682252885868068976
3.15665962688408963659
1.70912258191154914012
3.71414862384369319949
4.25085873677307700768
3.14572726090486109071
.77723870207292173929
1.70754209318540665953
5.61950175727350404749
4.29570715947910024664
3.32073786981146706710
2.30228147714392212194
3.22780110911437664435
2.71385334902238223355
1.28604043482310461916
1.52134808640231969760
2.42373678438893194927
3.62676164091328174508
2.62194584230872320281
3.25524192649332900545
2.59526491904005823017
1.91444508931439451719
2.61361818175494027152
2.74118587476296470135
2.62923943375265844197
3.67758072651029646979
2.61998091596103043065
2.90265395801842007995
3.92006377499142225371
2.83190748436455812125
4.21022564715954387052
2.91590466236466654475
4.43022572788339984828
6.09727808124248175986
5.75854148200740149882
4.56863218042337043642
8.91909188202476138164
2.11615216844157972287
3.22360047152248691936
4.09350705385980738510
4.38229391985521664872
4.03138933867717619135
3.36168112705533092773
2.30434372436058245273
6.14668203179569066604
1.60639347608237005065
.97836598469080066438
1.21371331046503729113
1.34911081827995138199
1.33379158791769263429
1.96875595237195409984
2.05156038175823623502
1.36693086877135085057
2.49569629562573178091
2.11030803438739719924
1.67179544203230797060
3.04238393369410232296
1.71545912221772279688
1.55351214993639492938
2.10774761297457053957
.41194659848091961153
2.34701938637072190673
2.60894614739361762855
3.20368537781099846877
1.08124927745640597953
2.03204330662513194381
4.02215116573208869245
2.18837839506790963931
3.46447687248738896816
2.64926404875014298752
2.45155052976682493669
1.35561794027668429938
2.08973682553569409983
2.65721658883877962290
6.05589795158405885104
4.35005747088472384012
2.77641855634196480566
2.38966524852331566059
2.86136331143040974023
.63095166217389426891
1.89259081684340844209
1.48199190281188783558
1.90002631560723389892
1.80632223038969434037
1.87440657275842905640
1.99604609165219428807
3.33847270469596620903
3.46007225358084104850
3.42038009583730328431
1.03063087475584584293
4.29414717959224122353
3.16034808209475558711
3.75374479686619079567
6.03517191138744613639
4.90805460442322299964
7.56795216686786412989
4.22556505097247319610
3.80694102922543311623
3.91674609848532305907
2.97274284121583581015
.71288147682486462540
.99543960138222349105
.96098907381926044456
.65916613990707987518
2.28788111579251425054
2.07301712486896740541
1.75014285131242929635
.79705708703956707243
.94435162942624290258
1.28604043482310461916
2.81154761652723925549
1.92132766596434560371
3.83075710532526455039
3.75672729912619555846
4.43451237454581921476
2.10667985227941077397
3.04698211350181706313
2.20445004479575358782
2.84838550761655154156
3.41915194163699019431
1.65692486250885860741
1.63232962357484647837
1.30835774924139154578
.58830264320330909082
.63356136245828627708
1.35321838592298176031
1.02781321260236774599
1.84826946087414429258
2.95221950403421052935
3.30712866396213862213
3.54949292153118682620
3.95983585518389890746
4.49402937240067446357
2.06702685033358964347
1.90656759649376187545
1.61805438721941605815
1.34417260796372427788
4.42516666352805292846
2.98504606329617633925
4.84361435293934192875
3.92150481320627732313
3.79392936149317361008
7.13378581119450207452
3.71502355308819004531
4.16251126124602814869
2.34465349252293567985
4.16394044145686598700
2.52497524740342751740
6.14336227159037073174
7.16581467803905740946
4.41915150226828046004
2.31492980455131727521
2.29995652132817502094
3.44493831584834041132
5.38358616537341213195
1.99994999937498437451
7.19936802782021972109
4.21554266969271703515
2.32030170452034103572
2.96772640248389474073
5.25258983740402102225
2.24091499169424095314
2.71893361448932768899
2.59994230705221611077
7.57604778232027784245
4.09768227172385828941
.80006249755878446623
3.15274483585335525960
