8.43584020711630122802
5.82810432301962144621
1.98126222393705371934
2.07562038918488175463
2.28510393636700910567
2.78084519525988716983
1.55903816502355066625
1.55518487646967554993
3.55216835186622313333
3.48865303519854206782
4.00304883807330034927
2.62162163555307881503
4.14769815680938865496
2.62684221071612902464
2.75290755384193749718
2.68828941894283398974
2.67368659345107238019
2.59175616137012395450
1.94941016720442904332
1.82408881362723125494
.34249087579087417201
5.45095404493562025847
3.62448617047989300229
3.21350276178502762462
3.28202681280942615031
2.41364869026128158276
5.55294516450504848671
5.97525731663499157795
6.22721446555359935115
1.76286698307047545656
1.84523711213491476318
3.02365672654817084479
3.84510077891334338430
2.42002066106882649482
3.53629749879729434508
3.07962660074236922090
5.30008490498029663404
2.32613413198809324379
5.50128166884772407033
4.53658461841063866207
1.68433963320940708665
1.98320447760688559816
3.00089986504048481887
4.16043266980731224043
3.80196002083136060953
2.52257804636447274382
1.10873802135581153704
2.58069758011278803151
1.28864269679380094642
2.36004237250096846645
6.00304922518548068585
6.62319409348691818933
4.07379430015802344266
.70413066969135778441
.96114515032850267199
.81993902212298689937
2.00982586310356748777
2.33856793786282805096
3.96737948777275401187
2.36196951716147259849
1.86627972179949487871
6.50081533347933211386
5.26987665889819474435
2.84554037047447281511
3.91154700853767063608
5.35665940675716286482
3.84511378245169748838
5.35397048927242407152
3.09933863912932237686
1.91794160495047398093
4.55432761228262980567
3.69306106096284305668
4.64634264771766482771
5.34647547455330613153
2.87508260750886947450
5.31639915732443852022
5.17664949557143573081
.67830671528446480506
2.13246336428084972622
1.45760076838618605333
1.46078745887278208108
1.29903810567665797014
2.15151109688051574316
1.54068166731482853715
2.64389863648363039886
4.40549656679017286009
4.66829733414657297362
2.04658251727117028062
.89297256396823301281
.20124611797498107267
1.86820769723283176499
4.34070270808771238060
6.47739145026761525273
3.25043074068653245623
2.46091446417789986543
2.22757715915745553776
2.49016063738868059395
1.69746870368793544953
4.21761781103978173154
4.16557318985034759405
5.29307094227916049759
4.45585008724485702933
1.66403124970656725945
1.79254009718053448066
3.90515044524535571701
3.85471140294575100892
3.06282549290683552649
2.86366897528328158545
4.01644121082333284038
2.70057401305722409930
2.95788775987189885798
2.93965984426770030334
2.02012375858510213205
1.11561642153564591566
.95754895436212555032
3.25130742932746979567
3.55174604948045236788
1.73441632833642338262
3.47552873675358926674
3.17190794317867932666
2.42398432338165091525
5.35466152058185653531
5.52290684332082501585
2.30610060491731366268
.73607064878311782878
1.30295817277455226835
9.20766528496773714038
2.47687302863913474364
2.03798920507445279254
3.09064718141686305293
1.20108284476966866717
1.70991227845173390929
1.43418966667592470142
2.92496153820866506107
3.35305830548769312628
5.42794620459709419917
4.15319154386117857510
2.63569725120318020185
2.31125507030271325698
1.69617216107327973088
2.04829197137517482385
2.51153339615462808203
1.46863882557965898275
1.85580171354592729829
.99025249305417050285
1.96697737658570948801
2.81439158611590508713
2.63721443951757552180
4.14021738559704132837
3.19971873763929444536
3.66203495341046683461
2.40703136664232109461
2.67632210318563860266
5.85744824987809858157
3.95517382677424178972
4.09298179815156275512
4.43141061062953181172
2.97176715103993300735
2.61774712300481766760
2.69761005336204958324
2.33015020975043580987
3.20867573930430059590
1.79304210770411077928
1.79454729667401076275
1.64687583017056874894
2.50323790319657791809
2.61841555143563872012
2.31542652658208958336
2.74023721600886225172
.65023072828035434209
3.21543154179963843931
3.91434541143215924038
4.20572229230604335678
6.51241890544519563770
.87298339044909668888
2.87835022191532488293
5.60645164074390282259
6.30915208249095862607
6.16189905792037459922
3.92485668528164222955
5.34230287422942728835
2.50872477565794371057
1.79312576246062562671
2.54373740783124074416
3.95446582991938368828
2.07742629231460339674
3.31611218145586866091
3.08567658707130226039
4.65894837919460103562
4.57591520900464238486
1.02888288935135858833
2.55225390586438323507
3.50532452135319419700
3.30652385444291026061
3.04369840818698724107
4.68368444709931328652
1.81270516080249520538
4.77382446262951734017
5.66936504381222571491
5.82165783948180863887
