4.93045636832940648222
4.10030486671418129076
4.70926745895792162109
3.97847960909692234154
4.46739297577457360625
4.44980898466439792863
3.08048697448958546963
3.96692576184631920066
2.21027147653857217304
3.87387402996018960637
2.69505101992522583115
3.10654148531771582392
7.66416335942808567689
2.94789755588622855386
6.57323360302979039044
3.10222500795799787840
3.85525615231984293632
2.80431809893243031146
1.84483061553086764681
1.81532366260124533198
.79630396206473819101
4.25444473462754008777
4.71248342172150245963
3.18664400270880587738
6.28207768178649634246
4.10703055747093267229
5.72546068015491658218
4.83528696149463294705
3.03766357584245987877
3.71700147968762584403
4.56865406876029518453
2.61356078942120647969
2.70710177126756725115
5.79866363914997228562
3.60381742045847822110
2.41613327446976732372
4.06569797205842627997
4.82925460086750862123
1.51505775467471866275
1.22963409191515180598
5.87358493596542792004
1.09840793879141277808
2.24733175121075526533
3.53650957866651338156
1.03198837202751465885
2.08290662296704986016
1.08050913924871547103
3.17228624181362297191
2.65979322504588690818
2.39587144897216887386
2.37073828163296000715
2.47200323624383631185
1.60542829176516009222
1.10440028975005253753
.62489999199871974394
3.54921117996661337012
3.31772512423799208266
2.77607636782564034707
3.98278796824535965655
6.58696439947871587098
2.43989753883231744203
6.53297022800502283140
2.86202725353900150452
4.22523372134607483893
3.57200223964095520834
1.44530273645350855261
1.81176709319934387641
2.37126548492571788624
3.40385076053577883651
3.20207745065605806935
4.32196714471547087905
3.02076149339864301707
2.17717707134720670610
6.12604276837829463092
4.57490983517708248177
1.55132201686174750170
3.13241121183027309122
2.40160363090998011590
1.92421412529894915538
2.24946660344180260070
2.59439781066820976455
1.33405397192167603845
2.50025998648140589723
2.71576876777092346028
4.42981940941162972822
2.53728201034098690903
3.12169825575759323740
3.14505961787690123271
2.08218635093019472035
3.95987373536076273715
3.66345465373873571575
2.44108582397260256589
3.51370175171428003202
1.19482216249950770654
6.29562546535290645858
6.65445715291638195397
4.39333586241707680347
3.33651015283934060442
.54230987451824994406
2.03482185952480862373
2.49583653310868899140
1.66114418398885531540
2.91707044824083739508
1.08567951072128095126
4.81351223120914070042
3.97395269221967462514
2.62590936629579810789
3.65562580141895814363
3.85045451862504149225
2.58478238929314898719
3.67279185361762639596
2.49739864659208943041
3.19896858377821522487
2.56478069237897999269
1.31502851680106161871
2.87913181358547736776
1.41007092020224287724
2.01183995387307088841
2.39526616475079862887
1.67110741725360072677
3.25490399243971557115
2.75296204114767990020
3.14268993061676385293
2.90298122625689744573
5.37722047158194918661
3.23834834444968257803
3.32531201543554405748
3.48518292202862717975
2.51443830705786058663
3.92832025171064687216
2.68830801806638221394
1.74289988237993750803
2.84991227935176980246
4.29141002468885510711
3.12363570219063797919
2.36180016089422773161
2.45741734347261413642
3.12568392515942020992
2.31952581360932476258
3.24058636669353406079
1.94738285912144148152
.92887028157864971065
2.16057862620178671432
5.61040105518313191470
5.17700685724869404484
1.80845237703402076619
5.94510723200179123564
4.08006127404969250420
1.90446842977246540651
2.21977476334875021031
1.94797330577192458610
2.24857732800097404166
3.99507196430802733043
2.97358369648476516528
2.22447746673235600118
3.30130277314880647709
3.86019429562813586622
3.79586617256193582997
3.81401363395570467381
1.62785134456436162627
4.24821138833744948097
3.59034817253146077105
3.96273895178574688812
3.26828701310028767797
2.48286125266797782052
3.30134820944413556722
2.42076434210354313042
2.57738239304919595006
4.41671823869261553780
4.03923260038339460815
2.11905639377530488599
6.05496490493545305073
5.23389912015888972655
2.98494556064260575653
3.70055401257703574138
3.97937180972072525436
4.90295829066493283380
4.07040538521656341423
2.54672338505774906233
4.07090898940273534580
3.09223220344139097771
6.03319152687862214199
3.21518273197652017994
3.25352116944088747080
2.49200722310349654411
3.10929252403179331350
4.36648600135165897682
5.28963136711812839348
5.17124743171316450594
4.82446888268542986153
3.49542558210012532945
3.39732247512655177442
4.53689321011636772689
2.99961664217279605357
3.22336780402112969916
2.81355646824441751775
2.30724944468516450870
3.25372094685453933750
4.65365447793451893701
3.02768888758405955212
