5.95460326134327777180
2.44989795705862002337
2.13187710715228611181
4.31724449157098352073
2.49347147567402503061
3.05383365624259239874
3.03530888049305453218
4.64400689060642975269
4.87100605624751815499
4.02800198609682912355
2.30345392834326078691
3.00441342028689520364
3.99310656006072545181
4.58821315982594688342
3.37013352851188969028
4.07844333048774872884
6.19526432043056577768
2.42691161767378747698
4.42231839649747516910
2.40387187678544964502
2.02272093972450880938
3.18465068728110273416
3.14366028699031028109
2.79508497187473712051
4.53964756341282511239
1.86515414912548179978
4.19877363047830907947
1.17239071985409369326
.27221315177632398883
3.13542660574282937559
5.01600438596299474966
5.25777519488994508303
5.14589156512260759472
2.56298653917651311569
4.08900966005217454047
4.72011652398539839267
1.83253922195406229728
3.99792446151750095819
1.09562767398418702045
5.09640069068357300802
2.68968399630886007173
2.94772793859949022263
3.25904894102558699209
2.05997572801234723674
5.43304702722146516116
3.08043828050490243871
1.33289159349138367952
3.51011395826403334166
4.50549664299064815095
2.58410526101395490348
2.47388358659012085697
6.16456811139271945671
4.13291664566320524286
3.13883736437554215629
4.11589601423553945451
4.24365408580859710015
4.51381213609959624779
3.98258709885923273325
2.93409270473855341679
2.53870045495722082442
2.06072802669347902475
1.98406149098257536842
5.53618099415111246956
.89050547443572743035
2.66317479711715505713
4.40948976640155045501
3.36627390448252145791
3.98479610519785566606
5.23042063318047107904
2.66707705175534814356
3.01267323153374866640
5.41821926466620580967
2.07740222393257295752
3.43359869524672320871
2.28503829289576676888
3.32669505665908608840
2.80303407043153865407
3.02334252111797613965
4.17858827835430563133
2.55955074182951098610
1.72389094782703699885
1.93932978113574071932
2.77825484792162290217
4.29610288517395728349
1.30387882872604385270
4.52550549662686853309
4.78792230513403381396
4.47231483686021371318
5.67702386819009243453
3.56826288269236127478
3.85748622810244132697
3.29668014827037777641
3.69471243806605333489
1.27428411274723189181
2.85210448616455845299
3.68556644221753245548
2.33805474700657939918
2.04100465457578023623
4.78050206568305961233
6.10777373516734000502
1.95604192184114499872
2.63577313136013282337
2.10107115538717536314
.64039050586341456159
1.18093183545876177721
5.29068993610474209577
7.15513801404277596063
2.05039020676553173981
3.13274639892858228148
4.36922189869088704310
3.07475202252149108168
1.59874951133690733647
2.50705005933268113512
1.51858486756585323218
2.71420338220996254066
5.81950169688092796590
4.45130317996876056418
.65490457320131762842
2.19385505446462893710
1.74808466614177472453
1.92779666977614628309
1.37825977232160411045
.79012657213892003114
2.46160516736539208947
3.73856924504548932395
2.02252317662863878490
2.37042190337500889369
5.48315602550210128524
.91224996574403881969
4.49909990998199549873
4.16694132428091672546
3.62002762420399217593
4.35970182466645303488
6.39682733861091486002
4.89943874336642768072
3.81896582859810359942
1.63832231261128834080
1.52843056760848642744
2.61767072031605992061
3.35238720913918295542
.86769810418140248464
1.37200583089139967401
2.49783906607291255248
3.27667514410568323583
2.24256549514166921242
4.02782819891812168141
3.68120904051916073743
5.59232509784615436568
3.03865101648741492987
5.11314971421725534437
4.45766755153409797211
2.71979778660105538368
3.84611492287997031452
1.86045693312153829066
2.31616061619223635394
2.12278119456528067293
2.12096676070135526299
1.55054829012191684142
1.24599357943771122788
2.32224029764363532801
1.55618122337984787805
.99100958623012320485
3.80064468215591024354
4.84681338613320246738
3.23544432806376688549
1.54120083052144764927
4.15390178025431891650
3.23561431570575172592
1.83341211951923127893
1.97911596426283217427
2.56799532709855217913
2.78368460857188345377
5.18730180344271081240
4.75283073546702270944
5.40167566593922778813
3.78526088929151619183
4.34498561562636246203
.89414763881587250993
4.19720144858452082374
4.49089078023503038743
1.63049072367799750079
1.92424010975761546201
4.23769984779479161261
4.13424721079908331115
3.53271849996571337342
3.59034817253146077105
5.83642013566535492604
2.39622619967314438008
3.86368994615251186048
5.51224999433080865053
3.69785072711162855560
4.23352099321593065842
2.47586348573583515337
3.06811016751354611458
4.21745183730650325490
1.73280120036892864567
2.95842863696253454177
3.64676569030696020669
1.89433365593287182139
3.49383743182192150489
