4.56623477276409869004
2.96440550532480289414
1.51509075635751932997
2.34394965816247853988
.29748949561287033786
1.30881625906771191822
1.02323017938291870926
1.66030117749762497721
2.26506070558826303612
1.57920866259022274906
1.03580886267689368520
2.72992673894373949369
1.81455228637810269079
1.30893086142851716322
3.41739666998140559726
2.75927526716708711921
2.34305356319483230033
2.98070461468425280793
3.58813321937745226745
3.21199315067762870221
3.30894242923626581490
1.02761860629321032160
2.04364869779519591482
2.19148351579472301537
3.68196958162340064707
8.24559276219726970818
1.46598090028485705370
6.58496013655359951716
.78012819459368342970
3.98892216018312395446
2.77965825237564051162
6.96061778867364617201
1.82365018575383584994
6.48208299854298379069
4.47756630325001440955
8.69680975990621517286
3.69629544273722795173
2.82890438155834457677
2.55233226677092338169
2.58230517174093891020
3.37407765174425112844
1.21437226582296418978
2.22036033111745175584
2.21108570616337710519
3.75422428738614390206
3.31327632412390258820
.38340579025361627941
.26795522013948524678
2.24365772790771275430
2.17533905403272710149
2.02815186808088905499
2.67897368408127518134
1.04479663092871810810
1.93530359375473697279
2.10466149297220715792
1.59602631557252213121
1.71046777227751356426
.60489668539346452596
2.68113781816601139821
2.24450439963926112149
2.09334660293034129928
.98417478122536750967
1.76073848143328769583
10.65011267546029298815
3.60939053026961880181
6.65547894595122282548
2.51503479101184602280
2.56785903039867046358
7.55508438073328205498
3.15000000000000000000
1.45375376181800472065
2.15789249037110280222
2.89153938240515755905
2.32877650280141739496
3.33085574590074374778
1.26885775404495203801
3.69882413747936926701
3.28618319635409249044
1.15251898032093163441
.88960665465136893837
2.40378867623591238183
.43965895873961217395
2.97100992930013614924
2.92767826101161600984
4.30792293338680793072
3.60223541707090543119
3.31240094191509370787
2.13843400646360840648
1.91177927596257826994
2.36782600712130028753
2.01251086953586414660
3.26559336109075283010
3.54698463486945485809
2.01804360706105654757
1.59590099943574194128
2.97756612017264865976
2.14508741080637550787
2.90070681041707488179
3.15729314445143024954
3.07845740590965461550
1.47854658364219285764
2.63429307405231584266
2.61683014351333090111
1.11346306629362430774
2.42084695922728663512
3.52144856557638791249
7.44218381928315447061
4.49385135490705789321
2.63275521080103457460
1.44948266633306105224
1.42411375950097469732
.88594582227131699478
1.61375338884229767556
2.31736919803470245400
1.18498945142984289773
1.50149925074906381053
1.46294224082839306058
1.71233758353894691357
2.67284492629108582184
3.25911030804420610362
3.77748593643973742855
2.57546112376017044781
2.77376999767464497679
4.35207996250068916400
4.52602474584485673468
3.13600063775503719204
3.95801718035685135655
2.00668881493867902607
1.28206864090812236042
2.21598736458491567816
3.02605353554757851048
4.75665849099974802889
5.21828515893871020253
3.99842468979972161235
3.78323935272406469505
3.78737376027241335694
1.94115944734068664295
1.00309520983802928336
.96472794092427943941
1.52138095163571704290
.96586748573497389471
.67297845433564958967
2.15281211442150705860
2.03187105890113017279
.49264591747014406777
1.98826557582230447869
2.97181762562913675172
1.48986576576549338470
1.50525745306243210775
2.12426457862480021158
1.59608896995123677222
2.37966384180623293345
2.62375684849034743782
1.30222885853447434648
1.91752444573726360616
2.26435421257364237492
1.68914179392968665009
2.75617488559779167000
2.01814271051380308475
2.12087246198351116220
3.78390010438964944935
3.22310409388216936005
2.81590127667856992290
4.79961456785854836833
5.06386216242109022909
5.80569547944085679117
2.17678662252412788021
1.42513157287318562865
4.20774286286602831901
4.17643388550567145213
8.42697454606337350837
6.46093646463111413871
5.12727022888398188627
5.50323541200992055107
3.22710396485765546524
3.92735279800529252121
9.45690224122043042281
3.57348569326924827972
6.14324018739296892876
3.65224588438401830448
2.32604815083437170019
5.68229707072764719950
3.41919581188325627020
3.99809954853552889870
3.79836807063243938068
4.45674769310536582006
8.40820432672755639903
6.25479815821422010497
6.19488498682582483988
8.72094604959805951900
2.50319795461725319779
1.60766912018611590921
2.77171427098826332106
6.83210802022333367615
2.38549785160247000378
1.72151096424042562645
3.06453911706148727371
3.06993485272896304176
2.19592804982312660471
6.16396787791759992069
