4.05701860976752237524
3.29833291224521482504
1.42344652165088379901
.86429161745327600973
.85545309631796879714
.52163205422979903373
.41484937025383080602
.74572112750008632164
1.36268118061415965237
.37429934544425802401
.68146900149603283330
4.56777845347166547536
3.76150235943033804180
3.38215907372790495127
3.04573472252591295830
.76118328935940258199
.32078029864690880046
2.31771439137785050773
2.67749883286622554598
2.55886693675149900319
2.46564393211996447830
2.22587061618594534156
4.67852540871587016755
9.15299950835790223358
7.80818160649456206025
2.91693332114397157331
7.42111851407858867917
3.33706457833827363287
3.43466155537921960186
4.65038708066328603333
7.16966526415285304287
10.48634350000036952823
3.08405577122074755777
5.14682426356292060254
2.33728474944752933926
7.30668187346349437326
6.13754022390077701069
2.80244536075192730955
1.52164384794865845111
.65741919655574402765
.62561969278468209036
1.71295067062656535801
2.91729326602588927992
2.47123450930906191082
2.39474424521701273050
3.45736894184002295060
3.20521450140236324246
2.51843205189260565843
4.20053568012461953423
4.43605680757133677173
2.47527776219154847397
1.96809552613687936303
1.54126571362630395730
1.08050913924871547103
.90299501659754468436
.37067505985701277013
1.30468386975542853148
1.90021051465357385017
4.45957397068374682655
6.52451530766845545915
7.94599899320406408016
4.89224897158760717133
6.09815545882523398301
3.12601983359031169151
3.77642688264978857381
6.61280575852640631605
5.69465538904682097884
6.63753719386942493990
6.21508648371042379978
5.83233229506001312507
2.81272110242021684875
2.09961901305927404673
.55353410012392190470
1.60178025958618930658
.85346353173407473954
2.29471131081885766696
1.68121979526770978357
1.54133059399987256594
1.97646148457287171088
.32341923257592458767
.48928519290900271428
1.39560022929204192646
2.09628242372062071344
1.27741927337894820100
3.43863344949705274630
3.10489935424644642377
2.06404941801304747733
.96260064408871034164
1.63862747444316946555
.87704047797122796195
1.48229551709502245259
1.94928191906660848707
.87806605674060764253
1.06423681575108084587
1.97324605662851889556
.99221973372837127825
.72090221250874240883
1.10516967023167985597
1.96086715511275775971
2.73945250004448881665
1.44377976159800771741
1.60667358228110541121
1.90047362517873422867
1.11346306629362430774
2.29697627327754519842
3.10207994739013778371
1.61235852092516942173
1.33656275572828977434
1.87930838342194387179
1.40203423638654416419
.72560319734686946871
.76223356000638019664
.74919957287761449977
.63142695539547565311
.98620484687513070445
2.22207110597298393474
2.04220469101410106422
1.60153051797335413748
2.25073321386609479251
4.52359370412507316726
4.48314621666525616789
3.99917491490432311148
1.61458973117011988507
1.18970584599723641099
1.34751623366844824070
2.67181586191863154751
3.00840489296238181743
3.92003826511935977555
2.56173769148989959580
3.50800513112509571768
3.58275034017163970180
2.08837257212404511123
2.54868593592855218234
1.49993333185178600457
3.34826820908958845013
2.53219272568262465577
2.30867927612303913971
.81572054038132446674
1.39874944146548276646
.66158899628092364456
1.39359247988786162221
1.01651364968700740019
1.03884551305764419709
1.44173506581479802751
2.06770404071762649346
2.11059233391955633721
1.58911925291967940463
1.70067633604986695598
1.28728396245739036240
2.89767147896375582212
3.01610676203611864121
1.22081939696254826503
1.60583311710775226495
2.05766858361593303498
1.58587515271537059289
1.34197615478070250247
.98513958401842730948
1.08784190027779312413
1.22747708736252995689
1.47759940443951181229
1.68154690686879145411
2.05827597760844500412
1.97969694650469166196
1.16107708615750401432
1.81433183293464814851
2.65921040912523505412
1.67549992539540269595
1.80055546984812439573
2.10781877778902045723
3.04667031363749628799
4.45005617942065985329
6.76459902728905285112
7.64716941096507943708
6.46409313051722669872
1.16507510487521790493
4.83587634250504796755
3.97563831352903630807
5.16429085160779843542
2.71869453966421170652
3.28482876266023949341
5.06431634083022108363
1.52289198566411793957
8.09806149643234062789
10.24378836173414898611
2.58087194568037412343
8.38952918822027819280
4.77998953973750867244
10.44132175541008792640
7.95636851836313574860
2.61786172285703432644
1.93209730603818191856
2.05934455592064534925
2.39108761863717574643
1.30049990388311832431
3.33832293225206120112
1.19737212260850636525
5.27838043342842047558
2.24512805870845594400
5.71689601094859866963
7.14520118681062751781
