3.03825607873990766413
2.81856346389432927382
6.04834688158673650654
3.86820371748955331567
2.60480325552622112043
1.47285437161995075500
1.85693295517097224034
2.39085758672489733888
2.10473276213394844375
1.01301530097032591662
3.52954671310637281385
3.34946264346984470141
4.01931586218351343942
4.05498458690042371904
3.62684435839201679961
2.64713052190480399817
2.19449310775860036648
1.07359210131222556419
1.80917108090970766544
5.47417573704023499172
4.43279821331853543689
3.06929959437002499988
5.24928566568823724175
3.13792925350461016412
2.64456045497167638487
2.26931707788929310741
5.98903164125887716953
9.32941048512712833135
4.83373561544278091684
2.42423183709809404854
3.78936670170623629498
2.11549048686114398229
5.34395920643112694036
3.02433463756906371877
3.21560258738544990616
3.77267809387442967403
9.12787488958958069701
5.44820153812246560141
3.06755603045812351466
2.38970709502231674652
1.64942414193560292995
1.87664594423135660371
1.53107805157019999651
3.25567197364845096582
3.32695055568909830469
3.51664612948189599328
2.08271457477975123522
2.66484521126462427782
2.66850145212626781512
2.17995412795774214199
3.34285805860793317650
2.34514391882459955775
3.02907576663245582804
3.12171427263931379809
1.50578882981645205190
2.14879035738715097204
.60083275543199207307
1.59577567345789552238
1.91441897190766473034
2.59019304299891902863
4.79318265873521661267
4.03595094122810169720
3.74769262346847223398
3.76429276225959874530
4.48646854441218611337
3.12937693479069408188
1.02975725294848008659
4.10749315276361720680
4.40891143027391739869
1.59743544470504347201
1.17307288776102911004
2.30679431246047596110
2.71346641770264037295
1.44685866621449933519
1.95151223414048829272
2.52390570346833679007
.80255840908933226378
2.32939906413649956201
1.10263321190684257386
2.55587558382641153161
4.13335215049480147726
2.98263306492769908071
2.60088446494649200517
3.64255404901560794945
4.48888627612685238096
1.89662858778412385291
1.31019082579599831359
3.23885782336921976844
4.25418617364120537380
4.04061876449634876958
3.63089520641948574538
3.61000000000000000000
3.17880480684171609926
3.86081597593047679825
4.39441691240146216511
5.60097312973379653581
5.62411770858327608669
1.20822183393613608376
2.38304427151490410576
4.46871346138908306710
5.16282868203081090770
5.54899990989367380436
1.56936292806985854326
1.77352755828602787459
1.82770347704434813224
3.92276688065961931436
6.10037703752809036159
6.84600613496657626242
2.39376272842568922808
1.98254886446715355606
3.01512852130717638502
3.50356960827097026010
2.16520206909193581622
1.38758783505765861121
1.98922095303664042216
3.29177763526031630397
2.19134661794979390248
4.07239487279905115048
3.99182915466080537017
1.33416640641263337124
3.46206585725921741888
4.73095127854853309733
4.68243526383440778050
2.89209266794824539557
2.92960748224058166232
2.92309767199113618670
2.53893678534933200884
3.06311932513247025154
3.75229263251148896850
3.35752885318950014231
4.81599418604300227408
2.32099116758336674201
2.12285185540583589730
4.36424105658704420744
3.02339213467257667270
2.68881014577080172099
1.87432654572248962746
1.91799374347259016287
2.35246679041384131501
1.91334785128057673840
1.41495582969928782155
2.26975769631914674999
1.78499299718514302075
5.06768191582699870620
6.20950078508731650196
3.12488399784696007841
2.71725964898461626568
2.55299823736719410998
6.62127631201115182700
3.59858305448130514591
4.00802944100963410076
2.81840380357393074534
2.02247373283313620394
3.82766247205784851972
4.39524743330793607779
1.59106882315002326237
1.36693086877135085057
1.68300326797068341283
3.01847643688003633884
3.13931521195307815174
2.47961690589494086067
2.31752022644895162088
2.80608267875342546899
1.25638369935302805965
2.08206628136570138346
1.49753130184313676669
2.26172500538858613911
3.47611852502183820458
3.77224071342219623204
6.16504663404908884554
3.58817502360183093675
4.42522315821473572835
1.41414284992712104721
4.35832536646818051672
5.71820776117832220900
2.13943917885038274345
3.09071189210511823144
3.93091592380198332829
1.74005747031527668448
1.09128364782030890651
.79718253869487131410
2.08808524730193905941
5.88728290470230417990
6.33830418960781654279
2.41571935456087282638
4.22271239844723500440
3.49269237122309413389
7.61317936213248557928
2.74907257088640713824
8.80779768160009451973
2.78219337933221313314
2.00449494885868944162
1.57743462622068747334
4.02906937145539850780
1.83711730708738357364
4.19039377624585539379
1.62898741554377884027
2.55268486108254263685
2.78188784820668139026
4.76336015854354645291
