3.28033534871055523307
2.67718135358813523916
1.55826826958646629563
.74370693152612205568
.73790243257493059981
1.20237265437966444131
1.49194503920218187104
1.93476096714813843176
1.46188234820726938005
1.05342299196476625981
2.82079775949996103225
3.38918869347813091042
3.51035610729168045755
2.37800336416919309622
.96524608261313342664
1.69958818541433736338
2.15151109688051574316
1.95501918149157810251
1.12080328336421284771
2.29218236621783651658
2.63945070042992089221
4.81387577737523260239
6.03457537859955810163
8.27662370776876626272
4.05080238965072202644
3.79611643657040635827
3.48361880807874844611
5.85090591276256979599
1.88066477608318064654
2.76633331325059236795
3.49744192231979743563
2.73755365244226766003
4.65087088618895117140
5.48829663921329966590
9.52569682490472714708
1.12062482571108516380
4.28155345639874032858
2.38834670849941717585
3.49005730611977201098
2.94526739023810875452
2.39395070960118140858
2.51493538684396422805
3.32567286424867712062
3.22636017828140198485
2.17349948240159468412
2.85520577191907483717
2.40717676957883589492
2.09602003807215545426
3.27160511064523189040
3.71425631856499639717
2.18414743092127368415
2.35129751413979936610
2.58845513772211242471
2.07918253166959826687
2.27099097312164585362
2.07793166393892751614
2.14525056811552901637
2.33651449813605907357
4.78083674684672745728
7.99596773380183169433
6.82000733137435857404
5.04755386301127053163
5.29488432357119582805
7.27319737117039881035
4.91754003542421604553
4.74867349898895449423
4.26855947598250058634
2.82980564703655929360
5.04311411728903870141
4.45359405424427968260
3.44432867188948737816
2.29741158698218460952
.82449984839295149502
2.57831340220695435921
1.51967101702967277456
1.78566514218091853303
1.46621962884146384626
1.28409501206102346576
1.56706732465455995162
2.43337214580918551287
2.17570678171485231044
1.85932783553627250051
1.83537462116048668000
2.96922548823763130514
3.25929440216743844853
2.99427787621656784668
2.09973807890412846129
1.48714491560170423090
3.69542960966651345577
4.07160901855765124495
2.28551963456890914542
1.84594149419747320441
1.66781293915115072775
1.49519229532525347346
1.20801490057035306421
.67320130718827336513
1.64939382804714047468
1.06611444038620919525
.70950687100267041740
2.51270770285761650506
2.13152527547763317626
.71979163651712430827
1.80734612069741638627
1.30345694213502887001
1.11216006042295908370
2.42746781647048824473
.96638501644013500298
1.63398286404723351370
1.51221691565727434829
1.39860644929157966470
2.82159529344659915563
1.92981864432904679096
2.03668848869924140885
1.88395859827120404795
2.11537230765650328818
1.51650914932947239373
1.74782722258236955290
1.81190507477626983989
3.50185665040703800651
5.20005769198765716924
5.24794245395278700935
3.29716544929125447731
1.89831504234676494858
1.29957685421063113053
.63166446789415027218
1.01602165331256597190
.85848704125339014927
.88656641037206005800
1.36901424389960238280
1.97914122790668983628
2.13864443047459387621
2.33473767263048205605
2.17078326877650316940
3.84347499016189774919
2.24911093545872031981
2.72734302939692571411
2.45871917875954268158
1.33973878050909610892
1.13692567918927752574
1.05707142615813809537
.77323993688893229591
1.22233383328778067493
1.38220837792280799067
2.84931570732342680496
2.78524684722916435437
2.54795996828835597779
1.04694794521981846239
1.39035966569805239010
1.35340311806940950316
1.32264885740698388885
1.51162164578309740476
1.39649561402820023321
1.44294837052473918374
1.42727012159576857023
1.25499003980111332196
2.03187105890113017279
1.80845237703402076619
.88600225733346752009
.81498466243236749639
2.57439313237120021649
2.78124073032163111243
2.71295042343202431031
2.28118390315204530201
1.19075606234022592105
2.94200611828051778441
2.48193472919817131922
1.41453172463540032121
1.70953209972787583220
2.53743965445486013433
2.68246155610849342140
3.33138109498147929920
4.99138257399690812359
7.41560516748296140028
6.85229158749100518748
2.73388002662882044766
6.86435721681207380330
2.05402044780474373932
5.73188450686159586370
3.04345198746423466557
6.61492252411167700140
5.90265194637122408062
6.80501285818035761924
14.74655892064314779137
10.65386784224396130649
4.35379145113773220565
4.12420901507185981273
8.47903886062565466291
5.47291512815610909140
3.98145701973536316108
3.77850499536523042559
4.08320952193247119930
2.39217474278113721580
3.88552441763013503263
3.08373150582212653178
2.35348677497877603858
5.65566972161564611285
5.84675123466015099109
1.84352922406996304171
5.57668360228550172675
4.81481048432853689199
