.46797435827190361135
.63788713735268247686
.76262703859750475018
.40816663263917103296
.78108898340714036728
.39230090491866061970
.39874804074753771760
.43703546766824314575
.71309185944028277064
.90443352436760104873
1.98317926572460917305
2.53903524985377073831
2.28667881435062934813
1.87133642085008327879
1.85569394028217918303
.46658332589152818974
.57982756057296897000
.98086696345630889027
.65215028942721477565
1.16176589724436308227
.86769810418140248464
1.87384631173423611699
2.58971040852061294718
3.17995282983883268796
2.19513097559120603832
2.14147145673249635307
2.23921861371327475842
1.03759336929261455260
3.95688008410666900766
4.71789147819235028236
5.89805052538548536974
3.65175300369562234717
7.60601078095475749503
4.56203901780771708471
5.66697450144254663559
4.08888737922677444828
3.53029743789386675525
2.14247520405721382061
2.07985576422981793268
1.34595690867129917934
1.55544205935161725007
1.84168401198468354407
.61106464469808756887
.85058803189323090780
.98331073420358836231
1.50933760305638711665
1.76051128937022156205
2.46310779301272156078
2.21560375518728528806
1.83578321160206713553
1.52649926301980244355
1.16107708615750401432
.40422765862815473601
.33256578296631780816
.86596766683289047613
.90939540355117256332
1.40274730439947736154
1.25690095075149020272
2.86686239641877475304
3.82294389181949674085
2.07135221534146625683
3.69502368057364417210
3.01665377529473872501
9.61251788034747948889
12.51017985482223193125
12.23608188923235344984
10.81248352599901074179
7.19978471900375643447
1.71119841047144500905
1.44640934731492937763
3.32633431873586633324
2.61015325220570142675
1.90425838582898198038
2.42641711171018574318
1.58537061912979830521
.99221973372837127825
.99709578276111468066
.80454956342042719425
.36728735344413915717
.34928498393145961292
.78574805122252769097
.91411159056211512408
1.45120639469373893742
1.10367567699936198240
.56612719418872646132
1.40758658703470174833
2.81670019703908140298
3.51954542519342972039
4.71209083104305195438
3.41463028745426552365
3.23989197350775879229
3.97016372458366003845
2.95898631291190666095
2.34478143970818738652
2.22755471313276612860
1.80405099706189015481
1.40943250991312102627
1.29193653094879239117
.69007245996344470839
.11747340124470730586
.44339598554790727829
1.16438825140070869748
1.18932754109202398475
1.75416646872524615590
1.67863039410109574007
2.06295903982604560097
1.72154000824842871265
2.03442866672685282430
1.32563192478153603043
.25337718918639854546
.39319206502674999939
.77807454655707636764
.48918299234540033219
.15264337522473748025
.88679197109581455659
1.54311373527682657329
1.70742496174795336157
2.12306382381689128531
2.55620812924143561413
2.52731082378088192288
1.46959178005322280721
.69756720106381148573
.80535706366803538454
1.25674181914982044572
1.79563359291365453113
3.22962846160359442668
3.75890941630680959403
3.45307109686435503603
3.35037311355019084537
2.90750752363600944130
2.12108462820322188105
1.52554908147853440343
2.04494498703510359249
2.09661632160011575161
1.80413414135423976793
1.71874954545448534934
1.01695624291313537321
1.06259117255885388801
1.26150703525584826601
1.23211200789538610843
1.19607692060335316880
1.03966340706980737708
1.31988635874457010011
1.13973681172453142801
1.74891394871217148743
2.13717102731625107532
1.64936351360153471778
1.95941317745900647497
1.73181985206314112167
1.50216510410806707702
.37202150475476548719
.41916583830269374660
.62936475910238253504
.42766809560686193417
.41964270516714573290
.86700634369074832046
.52896124621752773543
.67742158217759788170
1.43003496460750916843
1.58486592492866727038
1.50821086058946015003
2.14890669876567698320
2.75617488559779167000
2.69341790296270214719
2.47977821588947748381
2.50828626755400468982
1.99942491731997778461
1.85118880722631855480
1.73245490561803657008
1.96476461694524619205
2.33831135651349903800
1.88639868532608980929
2.21497178311598362447
4.89974489131832250334
3.18410112904725436580
1.17579760163048470133
3.64664229120433472768
1.81967029980708318423
2.08715116845905533944
2.27444498724414084255
5.98377807075095324344
1.38430487971400288638
6.57845726595529386813
4.91096731815637315181
15.28572209612617548453
16.37318234186622622064
10.81623317056358581162
9.87425440223209967098
6.92512093757213744732
4.56090999691947440209
4.33319743376643294162
4.27031614754692372062
5.12961012163692612152
4.38083325407393245148
4.83566955033116380955
2.26433213111504470387
6.56013719368733934102
4.55580947801814908160
4.78265616577232112444
3.04836021493523629145
