1.88904737897173981918
.61846584384264908247
.45321076774498639442
.42237424163885751805
.58060313467979140768
.55659680200302983774
.41448763552125411983
.56124860801609120783
.41821047332652968842
.56833088953531287009
1.42088000900850174499
2.54428771957890014102
2.76416352627698204348
1.90979056443370250514
1.93517441074441659742
1.53720525630118764566
.90088845036441664884
.58634460857076190907
1.27788888405839104865
1.06216759506209753320
.69303679555994716318
1.24201449266906704642
1.75516381001888253951
2.75116339027692064845
3.40653783187564203513
4.93109521303330747195
5.18754277090801440266
5.60236557179197294838
4.37176165864517367103
1.98005050440639013514
3.72006720369404079398
5.32681893816562907210
7.16381881401253754517
5.75600555941357652194
2.24610774452162022725
2.57765397212271298297
6.03173275270050405438
3.34620680771526732007
3.75346506577588916821
2.36957802150509490245
1.61833247511134126656
1.29529919323683669157
1.24915971757017525112
.64822835482567406741
.62128898268036268148
1.46959178005322280721
2.12591156918626321304
2.16840955541152326845
2.57344127580172304968
2.43008230313296179108
1.57025475640101151072
.70880180586677401607
.33615472627943222181
.75292761936324264448
.77259303646874788538
.96005208192055914107
1.22702893201423738882
.79874902190863432693
3.21113687033112931431
5.13647739214337436180
3.72727782704750894452
3.90017948304946601979
2.76512205878872551444
5.54160626533498859331
5.91517539892098212327
5.15197049680993417856
7.12713126019157865207
7.75517246745680053802
.61424750711744854422
1.08581766425123145534
1.68002976164114426083
.99206854601887262939
1.38423263940711931184
1.63024538030322294178
.84427483676821731982
.80212218520621906558
.71554175279993270285
.86301796041565670303
.69598850565221262136
.92249661245990491712
.80031243898867397274
1.01597244057110131829
1.05541461047305953997
1.76802149308202698670
1.87475331710601328382
1.83054636652557916026
2.45150973891600112484
2.40251951084689424629
1.73669225828872744474
1.19084003963588661322
1.65789022555777196427
1.49616175596089876795
.59573484034425920085
1.42344652165088379901
2.13461940401561982990
2.07193146604804474647
1.93261480900876882419
2.51414001201205976113
3.13102219730234426199
3.04817978472399163701
2.65484462822214889781
2.77481530916924270886
2.77142562591890601865
2.75043632902127003591
2.96359578890239348376
3.11887800338519172416
2.68180909089368253636
1.59179144362570312190
1.65659288903459923067
1.16120626935958281537
.62040309476984397131
.16673332000533066815
.25079872407968904976
.67557383016218145985
1.28922457314464806162
.93343451832466534299
3.17026812746177669419
3.22052790703636039769
1.62671448017161266062
2.56702162047770840351
.49809637621649085834
1.21844162765394715481
1.54954832128591588494
1.09146690284222544537
.73688533707762159541
.74390859653589163238
.48456165758342869528
1.30188325129406285023
1.66913151069650590309
2.04345296006538892874
1.97154761545340314410
1.44308696896618119243
1.46948970734741793223
1.39179739904915758539
1.58789168396336152611
1.77019772906870491217
.91334549870243516736
1.47746404355571374426
1.05593560409714379513
.96275645933953618943
1.67170571572869846427
1.94897408910431644045
2.09585304828368155321
.89056162055188522479
1.85744448100071082582
4.33868643716044545407
3.73001340480165030733
4.12482726911079271680
3.37311428801337829796
1.63269715501681450072
.82831153559515274928
1.32007575540193904433
1.27906215642555854643
1.18852850197208144193
1.22727340067321592708
1.35473244590952349420
1.20548745327357098959
1.17383985279083108833
1.57613451202617855753
1.33678719323608123800
1.17132403714770576716
1.42144292885785604445
1.87392635927882715718
1.96443376065470835717
2.02884203426486607284
1.55518487646967554993
2.03425662097976222858
2.32905560259947422320
2.10796110021034306561
3.31234056220069255124
4.29522991235626407882
4.36497422672803418696
3.73658935394297776988
3.77414891068171818630
4.54393001706672414723
5.10868867714602472036
6.58981790340218733422
5.72641248950859284848
7.99186461346787330572
8.27988526490554698676
12.82699107351369446644
8.80905216240657755364
2.50205915197862578430
17.49124066497285377740
7.49597225181630458255
3.27166624214634705455
8.68716869871881790429
8.13661477519981893360
2.71773803005366946644
4.46820993240022239669
8.40363611777663776302
3.28993920916481373212
5.48733997488765042528
4.19805907533469566824
9.32264447461126772319
3.21222664206621634825
6.18182820854801820009
4.27225935542307637182
4.70128705781725266476
6.36058173440134326209
