2.79719502359059690931
3.90166631069341961480
2.92302925062340079210
1.69463860454080297102
2.24886638109070410817
1.18021184539047903931
1.79874956567055214952
4.37554568025520675171
2.40395507445542750517
2.64465498695009364731
3.53843185606279550971
2.93984693479099350200
5.28284960982233526991
4.78636605369877659966
4.53878838458018441245
3.43007288552298841672
2.65120727216866241003
2.11286535302181525454
3.35001492533988570586
3.34391985549893225906
2.57546112376017044781
.80461170759565759627
2.77980215123306932086
4.49267181084930796439
2.46564393211996447830
4.39870435469354998568
2.94328048272671423971
3.22789405030586467048
.93252345814998134018
2.17942653007620332583
2.02536416478617494078
2.86043702954635937218
2.33334523806486895960
1.99702278404629124551
2.97984898946238549150
5.26981973126216149507
5.35762074058998692763
4.53931712926074377397
1.96982232701327659613
1.87082869338697069279
2.81556388668415762517
4.25978872715537384079
4.00279902068540033762
3.73062997361035526219
1.82849665025670747056
4.42113107699828325277
3.41492313237062482492
3.45254978240719941106
2.86590299905631837489
3.64743745662622705923
2.68518155810738429106
6.72717622780910950620
5.35226120438829106291
1.42035206903077379225
1.42414886862293999436
2.85828619980575073272
2.14888343099387315276
2.99309204669686027349
3.50705004241456469126
3.15274483585335525960
3.11494783262898321046
1.90648891945376907821
1.86775266028454634885
2.11066340281912312310
3.93072512394341815288
5.53655127313023264843
3.83860651799582083708
3.50588077378566882719
2.69165376673895411321
6.33759418075976208999
2.32068955269764594163
3.21244455205066535635
2.38738350501129164520
2.97311284683242388360
4.36890146375493344108
5.04311411728903870141
4.32149279763370657408
2.00402095797424234422
4.93057805941656297392
4.92518019974904065438
2.31123343693362138066
2.40653277559230429027
.44011362169330773850
3.56742203839130869940
3.56252719287867331220
4.57161896924929648056
4.43802884172692144977
3.05591230240659884025
4.66892921342784977545
4.21343090604319747637
3.99537232307578563673
1.11418131379053382507
3.58344806017891097882
7.06622247031608820121
3.24830725147729829095
5.66246412792169483426
2.84892962356039956987
2.19228191617775290173
4.18891394039075479309
4.97197143998233360729
3.34689408257865250300
4.07866399694802023293
3.08977345447849946408
2.06424320272588035958
3.68180662175514046918
3.88206130811969531934
3.08248276556414829211
2.03563257981395060988
3.81288604602865098528
5.30956683732298448594
1.61650858333632116844
2.30854932804131348065
2.56253780459918288402
3.24525807910557400094
2.52079352585649108731
4.26171327050518498394
1.77631641325525109836
2.53270606269262916217
4.11866483219987202687
1.36674796506159100994
3.45338963918061235617
8.96516034435525308078
2.37010548288467532501
2.81890049487384353823
5.45912996731164113434
3.60652187016798776544
2.82423440953473265340
2.95817511313985602599
3.82185818679866770380
1.83482969236929452956
2.72987179186129545236
3.02109251761676441380
4.33709580249272335577
4.86359949008961880000
3.19516822718303832347
2.97043767818818242244
3.38704886294839271838
2.65964283316388180024
3.16241995946142485132
1.81909318068096775546
1.85010810494954591450
1.67535070955307742693
4.93368016798819256416
6.23182958688698418744
1.73106903386317901056
2.59272057885148896351
4.01767345611860297687
2.88225606079681962735
4.13227540224511173613
3.87391275069534832702
1.61582796113942773917
4.78991649196517830064
2.44724334711528023800
2.26121648676105313770
1.37887635413767249067
2.43860615926393493557
3.38994100243647308228
3.57608724725781823310
2.39117126111870121731
1.89618037116725791719
1.15762688289448427096
4.87399220352269336700
3.18963947806017725806
3.99494680815652412861
3.66743779770018730715
2.76828466744299980056
3.30687163343241976529
4.65802533269195520806
3.31763469960150977439
8.31969951380457009351
4.91271818853880524519
3.44165657787060445110
1.82104365680782073885
2.48229732304573055550
3.86379347274152322801
3.36324248308087354892
2.48897569293072848200
3.12709130023413291449
2.56789797305111014412
1.38307628133809018769
2.60326717798999647741
.80405223710900773788
1.89749835309546448101
1.91554169884134863747
2.08185013869874889224
1.88292325919034735365
1.37244307714382092692
3.16518561856962821629
3.73092481832587990840
6.82082839543702345445
2.96005067524189524642
4.42243145791995288443
1.13921025276285149838
2.85324376806469166429
4.35915129354327411832
8.37404322893069378738
1.07186752912848330205
2.74087577244938264640
3.67724081343607411016
1.68184422584257190177
