3.62088386999638528865
3.88919014706146760288
1.61870318465121949608
2.12304027281632130606
1.76788008643120362514
1.40620055468627944927
.69036222376372825401
1.24374434672082027518
.90432295116291281706
.72594765651526143624
1.18422970744699695698
2.00022498734517362793
2.38298132598642073370
2.17887585695009251024
1.38582105626953150289
.48425200051213004772
1.04713895925994463975
1.48865711297128459997
1.04928547116597397400
.94926287191694166670
2.75546729249323516625
3.45609606347971757299
2.79171989998996854949
5.11970702286761717780
9.35637216019114964319
6.30334831656953572797
5.36470875257921154557
2.56470271181671268571
4.95680340542168365711
7.67966796157229703961
2.18077967708799047309
5.78478175906403577091
2.33642889898237648039
5.21561118182711162114
4.52763735296898530214
5.64448403310701198762
4.11855557204221781276
3.15844898644888675048
2.42499484535534631721
3.01446512668499782729
2.81732142291219586715
1.84320373263510943878
1.46567390643348768051
1.52869225156667815171
2.12489999764694809037
1.98972359889508271369
2.20703420906881278000
2.74368365523432748389
2.38407214655932759588
.82085321464924531292
.22293496809607953470
2.42697342383471517073
1.49160986856483354388
1.93010362416114850421
1.63370744014955137866
1.35687140142314149961
1.63765075641908461214
1.50229823936527330272
.29949958263743874539
4.95529010250661308343
3.44768037961757702143
4.47930798226690369199
7.77128689471698760549
8.41159913452846372622
8.86784077439373062179
6.71927079376921674009
11.19719161218561982325
8.52733252547360205264
8.92996080618498571470
3.14890457143432658836
2.81902465402486325967
2.96772640248389474073
3.67615288039004166766
2.52576721017594968698
2.65845819978422831699
2.10475651798491884371
1.67173562503166151795
1.59433371663525952040
1.35062948287085751739
1.39878518722497201028
.32649655434629015392
.88124911347473138890
.95131487952202240322
1.99521928619387598380
2.44116775335084254016
2.50211910188144321276
2.12047164564867502026
4.04857999797459850069
3.76578013165930865130
2.05399610515696937628
2.47751892021029780873
2.79436933850913845157
1.52908469353401088840
1.26684647846532691066
1.34406101051998379884
1.38054337128537906721
1.50910569543687031967
1.61867229543227804019
3.59961109010404067012
4.64075424904185160193
3.86071236949866546257
3.96621986279126992120
3.58604238681028420439
2.53877923419898800778
1.75485042097610131325
3.06308667849932056081
2.26545801108738274491
1.26921235417876389342
1.31285947458210469358
.75272837066235254263
.48187135212627031621
.50309044912421066553
.57497826045860203461
1.11112555546166788720
1.31369707314890520768
1.16550418274667723304
1.50096635538575614003
1.40299679258364664302
2.47858830788818173993
4.71797626106787442788
3.85255759204194116872
1.70929810156098868815
2.51049795857315924645
.94757585448342867745
1.75738442009709418044
2.71711243786487422571
2.70959406553823113439
2.62885906811300936273
1.73314742592775413324
2.26143759586684151331
2.20229425826795452779
1.88329498486031125521
2.70488447073068168775
2.73078743222536455264
2.07547584905245283849
1.75886326927365220932
2.37894934792651690875
.38600518131237565034
1.02127371453494288002
.90691785736085271991
.79101201002260389194
.82280009722896848962
1.13573764576155526852
1.96280411656385110608
1.80283110689825850918
2.07559629986180116046
2.02202868426736221708
1.94537914042481703587
1.71828402774395828345
.96793594829410070836
1.54171981890355161899
1.27161314872094649947
.77858846639286919249
1.90370691021491015650
1.56032047990148485392
1.34673679685378761095
1.79080987265538604970
2.24020088384948192350
1.56697160152952357198
1.44672042910854065260
2.13061024122198380087
2.22840750312863558173
1.66003012020866657526
2.62392835268038521189
1.66445186172505451645
1.78218966442968689998
1.93189026603479732942
1.95987244482899957935
1.89499340368245081656
4.52868634374252066063
5.74199442702620532593
5.42854492474733048515
5.42245331930114452322
3.84552987246231127232
5.45251318201065883493
5.97221901808699577768
9.06303481180559076417
3.64050820628109558447
5.27402123621056345856
3.51112517578055026539
12.00523219267332621631
6.41612032306128124407
.20663978319771824615
1.98610170937945672973
4.37489428443705368582
2.35995762673824294238
5.32874281608711155483
4.19025058916528284520
3.60019443919352778059
1.54799870800979675753
4.60924071838301801661
3.82630369939449526701
7.15374726978805143754
4.47917403100169797365
1.63697892472688847381
1.56169779406900616906
3.07359724101906364266
4.24136770393702130382
3.65635063964056926442
8.94385822785670054697
