3.49904272623241912878
1.73533858367754850078
1.78308721043026944818
1.87661930076400951418
1.46335231574627987807
1.16172285851660851272
.97831487773620206761
1.09790709989506853539
1.21082616423663392854
.97549987186057589968
3.46010115459071514122
6.33839096301261618539
3.79428517641992745352
3.26847059035261934235
.74538580614336895219
2.24216413315350310462
1.59790487827029303427
.44810713004816158582
2.67256431166772860504
4.76707457462121102068
3.39471648300708611621
4.02326981446683488523
2.29080771781483222765
7.83309006714463867334
6.56345183573399889392
3.74183110254859044726
1.29761319352108931922
5.09345658664133506325
1.30854881452699348658
4.30545003454923397163
2.38673417036753382968
5.33451965972570017671
6.05849816373662029683
3.81325320428633482581
2.55894509515151575086
5.36958098923929072717
3.38969025133565854552
4.05514488027246691121
1.10684235553216881762
.69749551969887233104
1.45220521965733204012
1.10873802135581153704
3.87299625613038774081
2.64499527409785743836
3.76847449241732297014
3.48502510751357428437
1.31643457870112178241
1.22253834295698063393
4.68526413342940570655
3.33535605295746498957
2.32873356140199087396
1.43195670325607261357
1.54197924759057636287
1.30522028792077852838
.59531504264548867520
2.62703254642952606111
2.69927768115842427864
.85305333948118390799
1.18008474271977603600
7.50875489012659142080
2.86984320129166638761
6.92948050000864061887
7.16277879038575363429
1.20718681238655022013
7.26077819520745310585
3.93819755725890419683
3.53704679075637901010
4.59166636418631792559
2.29508169789225586077
3.76807643234581960091
4.04565198701025197313
4.86409292674389599803
5.02676834556755758203
1.03348923555110142230
3.67730879856451544101
1.80560239255490576014
1.58855280050743041079
1.46948970734741793223
2.66294949257397670230
2.24225333091513100778
2.91926360577457958346
4.44256682560881688308
4.14205263124456205889
5.23055446391680353373
4.47663936452334744020
2.91542449739313262840
2.60681798367281485194
2.90492684933717392910
2.76936815898500573484
1.21926207191071108131
2.73497714798496991024
1.82871539611826968399
1.92429207762231355084
1.31852189970436213456
1.27125921825566323009
3.97166212057370257866
3.54826718272454787248
1.73181985206314112167
2.95516497001436452801
4.05809068405327778229
4.76542757787798092983
3.29613409921380474164
1.76742750912166126101
2.69903686525397425887
5.16714621430437170477
4.01909193724154561047
3.47299582493270498316
3.19383781679658868679
2.19647444783680558982
3.90787666130854237327
4.43727393790376660806
3.29748388927072697532
3.85219417994472339917
3.57078422758922805231
3.65641901318762973090
3.15228488560282254194
1.30766968306220206567
3.21578917219397329072
2.85029823001032648081
4.38464365712882077078
5.75042607117072673700
6.42876348919448116914
7.42742216384661953732
3.07853861434285082445
1.48774997899512672115
3.38799350648728369135
3.78615900352851002659
2.57326640672900403058
3.03797630010505513160
3.72604347800720113926
2.80324811602540812266
3.69749915483425093912
2.49857959649077419580
7.52110364241844496070
4.37800182731802888405
4.58645832860171095221
2.68696855210476923810
3.58634911853266176130
2.10309296038002086219
1.57438877028515418714
2.48760929408136759357
2.96211073391931112660
2.62061061586798888553
1.33873074215840729680
.35594943461115372306
5.13916335603374258025
4.71934317463775884711
2.50253871098930255888
1.69811660377018868603
2.03147729497526011606
3.47334133076494513417
3.90463826749674725870
1.36835667864778589679
3.48822304332736154235
1.79671923237883775929
2.11974055016174090267
2.50333777185580771558
2.32200344530321487634
2.64586469797682587395
5.01493768655204727858
3.80360355452562905504
1.75627446602175481266
.48145612468842890398
1.75598974940060512871
1.43059428210796369029
2.71503222816967681018
3.14588620264624321010
2.36224469519988551079
2.40335182609621265579
2.83397247693057174475
3.13475676887378297275
9.18678398570468184490
4.67736036670256998918
5.82877345588246378536
2.97442431404801423298
1.82499315067207854986
7.52211406454329167532
5.07418959046663923526
1.65081797906371252363
4.98209795166654667008
4.14392326183774788298
.93621578709184347955
3.43250637290012908141
4.73077160725393717458
2.91183790757658761543
.56338264084013096258
1.55244967712322321188
4.01896752910495657813
3.32322132877122705794
2.79753462891882716369
2.68376601066486420318
1.79334882273360304564
1.48124947257374576254
.38327535793473600251
3.14214894618316908328
1.65414630550021179195
5.07105511703432385400
4.34682642855681551769
4.24417247528891078170
2.61816729793953388611
