6.16351360832439470326
1.97936858619106108112
2.30275921450767405239
2.21350400948360606307
1.53058812225889169808
.80913534096589799122
1.15121674761966523434
1.87429986928452833416
1.39581517401122989797
1.03773792452622641924
2.97719666800834640461
1.48906010624151770672
4.84323239169875060415
3.97942206859237287413
3.09546442395967458484
2.78131263974404718484
2.58905388124697010910
1.75638833974722116406
2.44395171801735886911
3.63111553107306129954
5.48337487319625084193
4.67064235410933599776
6.34162439758142724395
2.48660411002636284148
4.21090251608844537972
7.06407106419520669306
6.45220117479298687745
7.65687925985515328603
8.17818439508427811775
2.95925666342073140561
4.18504480262756565868
5.86479326148842180992
10.01125866212635622759
5.27906241675546018543
6.18460184652173061778
8.52634153667327590943
5.73224214422245076183
4.38543042357303851456
4.05408436024708296893
1.98375905795033485462
1.60018748901495914676
1.99674735507524837186
1.85765981815831931935
2.47226616690031981677
1.14913010577566890234
2.21189963605946641965
1.23527324912344798984
2.14990697473169754819
1.15710846509737366107
1.45478520751346657346
1.76207264322445004015
.69325320049748057401
1.02220350224404924996
.89459488037882264643
.95781000203589438189
.74846509604656916158
1.66952088935718321547
2.36518498219483881450
1.31190700889963995953
4.17911473879337273215
4.44937074202633736876
8.11791845241130763602
.87367041840730764208
3.13823198632605871921
9.33392736204862481358
2.75212645058325762968
5.53036165182712079025
4.56750478926951974794
1.58710428138796223209
2.02844768234233736669
3.39860265403297771272
3.84003906230131987182
2.81177879642051501120
1.89005290931232927747
1.11848111293843491526
.56017854296643672854
.64358371638816344434
.76824475266675268063
.58309518948453004708
1.82019229753342270317
2.09747467207592282763
2.19278361905592499799
.87561407023870967488
2.18359794834122336880
2.22607277509069770304
2.63753672960207323820
1.71633330096458828802
2.63488140150557820130
1.56144164156077251710
3.06453911706148727371
2.04474937339518458647
3.13980891138298414760
3.41026391940565209974
.87817993600400595806
.33256578296631780816
.25475478405713993578
.77935871073594859769
.80647380614623808127
1.51456264314157702653
3.01083045022465521098
2.30549343959162026499
1.97002538054716442274
2.28849295388908724513
4.10342539837146302176
5.45348512421185577400
5.61327889918183203041
2.99167177344039531585
2.83769272473254228484
2.73267268438794184101
1.82523971028465189920
1.16982904733982392253
.97841708897586207276
.97452552557642121516
1.36128615654461130643
.63702433234531944368
1.42793557277630701933
1.08124927745640597953
3.16837497780802454057
1.82923481270174824977
2.39250914313822424731
2.26092901259637074877
.98792712281827752236
.84498520697110431721
1.95066655274549678735
2.17370651192841578605
1.61561133940066167140
.91027468381802204221
.96571217244062943415
1.41622738287324468749
1.09242848736198746200
1.41198441917749219900
1.68407244499754225982
.76111759932352109551
1.13692567918927752574
1.45784086923093221395
2.22375808036755652842
1.86013440374613790970
1.83700843765073654056
.14594519519326424197
1.80260921999195377465
1.37891261507029516333
1.28378347083922217011
1.90916211988400817422
2.12513528981098048114
5.36321731799113282957
4.66467576579551775388
3.11956727768451885971
1.73510806579878476455
3.45781723056612695802
3.01008305533252686691
2.87708185493565684890
2.26817106938608138133
2.15745220109276117422
2.82743700195070659332
2.88494367362692195769
2.53808983292554087643
2.73234331664232853225
2.60418893323813969394
2.52778559217351343775
3.55782236768504225446
3.00059994001199700083
2.56698266453047945003
.63796551630946323429
.95268042910516430950
.95010525732678692508
.79208585393251406052
1.00528602894897529755
.84888161718816835266
3.76730673027827666423
4.00173712280054697747
5.00480768861302002376
2.60555176498184353382
6.02803450554158656269
7.05669185950470703986
3.54673088914284558240
4.64915046003030536464
9.34262275809100621313
1.80191564730427933536
3.63693552321181520282
6.42888792871675435306
5.04616686208452682791
10.62375169137532129660
7.03255287928928409276
4.50884685923130460893
1.37742513408170391204
5.63541480283394932986
1.64027436729347203439
3.33698966135647474528
4.67249398073448565464
2.12294606620140022812
4.42152688559054223919
3.98583742769320685699
2.02775738193700086453
6.44228220431238171943
3.21978260135680589089
2.05703670361031720702
4.62525674963022998667
4.32889131302692791457
6.41388337904580238868
4.01066079343541592409
