.75828754440515505542
1.76751237619429414845
1.35244223536534084387
1.24197423483742206011
.93482618705297296565
.70689461732283688397
.52249401910452525293
.53018864567246251053
.56595052787324087802
1.10027269347194107305
1.10186206033241747151
1.64088390814219395220
1.14319727081549665498
.78032044699597613453
.69591666167724422432
.47339201514178500135
.87200917426366564575
1.13145923479372424096
1.16833214455479226106
1.02927158709448498989
.66136223055145808651
.93994680700558794972
1.07298648640138986607
3.89949996794460815135
5.17065759841047684123
4.72941856891521074426
2.97391997202345712347
2.92179739201745472432
9.23412150667295475565
7.69298381643949644933
5.38789383711297711757
5.13923146005314689601
8.62826749701236372140
9.40020212548645147482
12.53661038718201531714
8.14870541865393487240
7.63283040555729889983
3.60441396068764554439
1.53642442052969204945
1.24815864376288321244
1.00578327685441260770
1.15230204373679733572
1.07601115235856175581
.89196412483911033135
.27586228448267443433
.34770677301427419850
.54332310828824499759
.71372263520221915405
.56780278266313559869
.63324560795950255054
.41545156155681976206
.75828754440515505542
.73518705102851206297
.72069410986909002210
.48959166659574588800
.75828754440515505542
.77858846639286919249
1.13793672934834122964
2.67495794359462780694
3.21628667876481433528
1.37717101334583716251
.71909665553387188591
2.96266771677149106508
4.94273203805344883679
8.52272843636355692607
8.24253601751305664259
10.85334049958813371790
8.76326993764313983887
2.20138592709229428288
1.72002906952179154151
2.56970815463546365732
1.99712293061794270711
1.96318618577046838387
1.61421807696481952140
1.35550728511505979290
1.71201635506206540444
1.45306572459748013973
1.04938076978759240078
.75967098141234801282
.53141321022345690272
.23622023622035433059
.18493242008906929350
.20049937655763421350
.48425200051213004772
.43840620433565946512
1.65190798775234451615
1.97840845125570569070
1.93793704748116108664
3.05119648662618907388
1.98403628999068462099
1.73542501998789910266
2.19674759587896214909
.75438716850169184197
.63960925571789531444
1.09293183684985588400
.76387171697870840857
.66045438903833472821
.55118055118082677137
1.40506227619988431600
1.40723132426762018833
.62753485958948925947
.93578843762893330589
.89827612681179499328
1.09178752511649445023
1.38455769110571914803
1.59411417407913414487
.88509886453435245608
1.35915414872633192429
1.01671038157382852603
.80932070281193227362
.42355637169094741408
.42201895692018385917
.34014702703389897480
.75379042180171008060
.80758900438279866416
.40570925550201587679
.79006328860414720575
1.20523856559603999422
1.94958970042416873658
3.23691210878516131513
3.29734741875950948451
3.07471949940153077372
3.04338627190174464715
1.15069544189589975102
.83390646957557536387
.33196385345395664026
.90983514990354159211
1.58012657720829441151
1.48892578727080954536
1.55797946071185418564
1.29193653094879239117
1.53427507312085338460
1.79913868281464061238
2.19936354430094162184
1.20954536913668517422
1.13657379874779798655
1.21954909700265860186
.98132563402776756364
1.01548018198288832976
1.28491244837926603379
1.49485785277396860587
1.44592530927430687947
1.28456218222396692196
1.56476835346322108573
.91356444764449979114
.87407093533648629151
2.16261415883647631315
1.74496418301350816006
1.57870199847849689101
1.08669222873820166102
.67845412519933873565
.94244363226667301834
1.19230868486311043896
.85375640553965977257
.46540305112880383865
.70092795635500229346
.86371291526756736347
.72311824759163697929
.46270941205037098315
.59741108124975385327
1.00429079454110302026
.95906204178874684519
.34597687784012387668
.76085478246509037764
.60315835400000885671
.67564783726435475063
.74959989327640649017
1.23146254510642750607
.89297256396823301281
.83294657691835194911
2.00561711201315790927
2.07583718051296113689
4.30039533066437974431
3.03580302391311284496
3.65204052551446915074
3.72914199246958146717
5.44648510509300851424
4.18063392322264925669
5.70043857961823846191
5.96753718044554792365
6.87139723782579753715
7.90046201180665129840
8.35807394080717618055
8.39826767851561159085
13.10555988884107156213
13.00974250321657980508
8.32686015254249361288
1.28740048159071309242
4.63832944064994158754
4.95056562424941499734
3.80105248582547199743
4.31658429779843405295
2.41729187315061314670
4.43798377644623662722
6.50293779764192423879
6.92278123300166116118
4.08911970966857364269
4.55857433854050470501
6.85289719753623620633
4.06559958677683850435
