4.52942601220066293732
2.10770016843003549635
3.84928564801314790655
1.98106032215074157746
1.39488350768083855784
1.26724109781840645605
1.45375376181800472065
2.18398717944954979078
2.93158660114280096632
3.57520628775459612638
2.31844775658197655234
3.02702824565612535679
1.83382114722237839068
1.58142340946376533648
4.21619496702892049738
3.49877121286888377187
3.45567648948798446404
1.97936858619106108112
.97913226889935559921
2.38423992081333962383
3.66880089402518544469
2.30086940090045093371
7.36987109792294806863
6.17494129526751047638
7.35808398973537132048
5.05755869960992148245
6.27220057077258969888
4.91636044244113574329
6.99872845594112188083
4.78853839913600358715
6.60720818500522200701
5.63472270835042955443
5.80711632395976721061
6.57652643878210224290
10.46114238503615818173
4.85181409371793634473
3.02663179128218370070
1.44672042910854065260
1.24523090228278546363
1.74653943556966385493
1.50146595032987677805
2.11870243309436920087
2.41060158466719672070
1.64246765569371258775
1.78865871535069540219
1.12822870021995097268
1.55942297020404313396
2.46207229788241596225
2.63060829467254588446
1.10045445157898289088
1.71706144328035040762
2.51630681754034120408
1.35576546644321930080
2.05584532492111380631
1.65529453572468485932
1.07074740251844645789
1.24362373730964141644
.84604964393349873922
.80845531725630947203
3.23068104275244107546
3.80416876597240359603
9.35673554184364024445
5.20312406156147693291
6.77310120993330499043
3.68294718941230543406
2.91693332114397157331
3.36371818082312002715
5.10094108964218484043
5.62091629540949488777
4.39457620254786343146
2.36833274689178758566
1.77262517188490810396
2.69564463533307743008
1.07004672795163482991
1.60380796855483917376
1.62185079461706341021
1.42793557277630701933
1.47787008901323935009
1.31871149232878076105
1.55708060163884900926
.98249681933327397413
1.65414630550021179195
1.84320373263510943878
2.66904477294780501027
3.83053521064615721148
4.02349350689174096497
2.43207730140306190062
2.42218909253592338110
1.71248357656358269671
1.62892602655860342785
1.35295971854301708179
2.31071417531463635585
1.21004132160848126963
1.65342069661656285921
1.75462246651523301415
2.13368226313104079287
1.48367786261034440224
1.28257553383806600663
.73000000000000000000
1.77575336125262620886
1.62929432577419847835
2.53124475308098169695
1.38740765458462135443
1.88695521939446141165
3.69033873783965799238
3.89622894604513711705
2.87226391545066763560
.76367532368147132635
2.18130694768067889175
2.07475299734691310073
2.14862746887402516982
1.52006578804997778951
1.02888288935135858833
.45199557519958090846
.86977008456258140035
2.05779007675710206297
2.60163410186751664973
3.69932426261878265209
3.05396463633749367618
3.43000000000000000000
3.35583074662593792738
1.62129577807382203766
2.89615262028781901692
2.61015325220570142675
.90094394942193823470
3.29180801384284864250
5.90058471678866754663
3.59381412986258931816
.96176920308356723759
.25495097567963924150
2.55493639842560464470
3.39571789169830773208
3.01494610233748623143
3.61121863087794782716
1.41770942015633090735
2.54491650157721284716
.93048374515624935767
1.69578890195684439147
1.15939639468130139601
.97185389848474652296
1.11968745639129136401
.92282175960474620789
2.02091563406293633433
1.82411622436729617505
2.98451001003514813140
1.30732551417005550614
2.76626101443808082309
2.65588026838560627158
2.24543982328629773502
3.97595271601662788184
2.44413583910551092757
2.52642039257127593349
2.03592730715023320058
2.30189052737092603901
1.90262975904404480645
1.86000000000000000000
2.77780488875658795792
2.13562637181694307714
1.32015150645673998715
1.55476686355221759337
1.49806541913228876187
.79378838489864538959
1.65701538918623202990
1.81276032613249785895
1.80756742612827585773
2.08492206089340423574
1.51911158247180776341
2.62223187380521328297
2.07598169548770347533
1.48165448063980152767
5.98163857149527214729
5.84885458872076935138
10.44426158232356798146
2.85110504892401325213
7.84888527117067752084
4.65734903136966963566
7.61026937762389590960
7.19434500145774215706
5.62196584834877843461
3.71587136483490235472
.94815610529068471531
5.70706579601111660427
9.42207514298203843400
5.92032093724656112920
7.45928280734817025210
6.08346940487087516017
3.46428924889363128364
3.64684795405566641235
2.32832557860794030319
3.14291266184728715887
4.03019850627732727812
3.96388698123445492364
4.97228317777658355281
2.46588726425195683559
1.14978258814438479911
3.02537600968871305684
5.55367445931070036102
3.73579978050216176196
4.48956568055307550369
1.52843056760848642744
