6.49706087396447286819
7.36376262518014631310
6.16390298431115802389
3.53803617844702091169
3.51559383319518297279
1.84978377114731980232
2.84341344162258612616
6.52139555616740671879
3.70163477398837931329
2.40353905730695377023
5.06206479610840224574
6.58603067104914111331
1.36370817992706929425
4.08437265684707080451
3.00549496755526110463
2.84286826989925792446
4.80955299378227040655
3.63429497977255555628
2.82754310311973847370
2.55988280981766819629
4.20091656665542454331
2.42689101527036026068
6.15304802516606398704
4.37607129740821293214
4.48523132067901264895
1.70724924952392349850
4.23107551338900119139
3.68214611334205476284
2.81264999600021331911
1.76909581425088449051
3.03799275838504921213
3.49957140232914807718
4.30764436786510963710
5.33300103131435743396
1.19431989014668930112
6.66371517998781217416
4.36670356218509524782
4.02190253487077928716
3.47108052341054168175
1.17145209035623817098
.98924213416129824691
2.46276267634540864218
4.89891824794004906039
5.22067045502778311497
6.44981395080509279646
5.58641208648270057066
3.24662902100008956351
3.26938832199541570455
2.76891675570068375430
1.18460964034571320890
2.92188295453462680280
3.69786424845477527975
3.45651558654087367909
3.46280233337105166043
2.36983121761867252181
.73068461048526264961
3.60063883220741816183
4.62201254866319029123
3.14879341970857148194
5.87063880680799506466
1.85550532200799682858
2.59065628750708649463
5.64420056341019830701
4.06798475906682816568
3.77176351326537968566
3.31173670451018795963
2.30952376043200733293
1.94902539747433768529
2.89553103937775117057
.91438503924769022874
2.88402496521788104995
.72228803118977404248
3.86229206560042530401
3.59182404914271935164
4.27210720839259837973
3.85414063054268947364
.82903558427850369322
2.70440381600085751690
2.58775964880821186360
1.50379519882196724614
1.71723615149460442518
2.97121187396658066061
3.93021627903605325240
4.19659385692730575440
3.06164988200806527165
2.68663358126857336429
4.67728553757411735804
2.32778865020001332594
2.97417215372614232940
5.00693519031353150987
3.51563649998119117263
3.34128717712201445547
3.35095508773245124196
1.61269960004955665642
2.74397521854698972060
3.09017798840131537171
2.53688785719826409515
2.29087319596698760624
4.38878115198286003576
2.12014150471141902033
3.04032892957324602700
3.32525187015961243560
3.80695416310729961486
2.33805474700657939918
2.47451005251544694548
2.64728162461042289462
1.81763582711169070969
3.70919128652055366061
3.51801080157523109330
2.59395451000976499391
1.58578056489540821967
1.71467198029244065675
4.33327820477753308997
5.11160444479030478119
1.96906068977063274264
2.60748921378401870466
3.32927920126864697896
3.67634329191385498936
2.75448724810989096000
4.02304610960401496614
5.52842653926051548832
2.19004566162443288907
2.42886804911259022473
2.35531314266277553075
2.16266039867566817199
4.19661768570833719208
4.89731559121933656092
5.18278882456154101791
5.76202221446602893952
2.68020521602357904223
3.80139448097668495575
3.55676819598916229400
2.79129002434358296833
5.10489960724008753742
4.34679192048572759836
5.33581296523781837852
5.72216742152831456281
3.46540040976508225494
2.92740499418853899037
1.61214143300145970784
1.82167505335062433027
4.05740064573366971804
2.47020242085542455246
4.74792586294268078475
3.50772005724516163248
4.72657381196993473969
1.84160256298692199664
1.20457461371224323174
2.13714763177465117298
3.90378021922341319709
2.63036119192783103986
2.59285556867327263011
1.79602338514842283776
1.53850576859497020216
1.73600115207335043980
.19104973174542800179
.81737384347677776665
1.98932149236869202433
2.58994208429455039812
3.09959674796577369231
1.67179544203230797060
.60909769331364242164
1.20370262108213422299
2.28309001136617476113
2.63161547343072141315
2.36137671708687769046
1.12578861248459961494
1.56476835346322108573
3.08261252835967044118
5.38424553674885818723
3.11522069844176529733
3.39587985653202990343
.93177250442369246808
3.05905214077825093876
4.24995294091593442434
5.10628044666565488866
4.59760807377053399919
3.54811217410047508210
.18708286933869706927
3.54808398998670830506
2.82547341166042473874
2.77829084150669870072
2.90093088507809851267
2.47398464021100987917
1.87547327360322573059
3.35174581375139484189
4.04855529788096138831
2.56651514704277558837
4.85692289417898830204
4.60810156138078189384
3.95137950594472765329
3.85022077289082216597
3.90689134735021777518
5.10425312851939191520
2.07156945333725173656
5.04359990482988251870
3.47429129463837559781
3.43273943083363086770
1.92221226715469693987
2.45521893117497772359
