2.83749889867820036833
6.27322086332053193397
8.40296376286367189996
4.31460311036832216299
3.82142643524639893073
2.86120603941764389670
2.29821669996543189334
2.96293773137404964938
1.51330763561147737968
3.35465348434081936551
3.92094376394255366525
4.90320303475187533458
3.51391519533411619868
3.94467996166989445668
2.26922894393668441063
1.58546523140685743641
1.81157390133552100695
.96213304693269942789
2.44378804318214144093
2.78271450206448595350
1.22347864713692490334
2.60942522406755315706
2.75089076482509570403
8.50107640243281191979
2.34377899982058888657
5.22073749579501459155
3.25444311672519481447
.54872579673275795426
5.05515578394968951722
4.87676122031825544248
1.84122242002426203348
4.09135674318434373310
3.21213324754749238593
7.04648848718281806858
4.60610464492503687190
7.46986612999188895102
3.85403684466041398533
2.05572371684523793645
2.78655701538655045693
3.18177623348971541091
2.91720756889186752294
5.38778247519329607167
2.05856746306746041506
2.39582971014218788112
2.15828635727514156012
2.43314611151899383832
1.11332834330219043426
3.90357528427466094386
2.38256164663162493374
1.59116309660575021771
4.00525904280859217436
2.07099010137663381348
2.51240920233945966973
2.53535007444731387335
2.03228934947757869708
2.41257124247140109195
1.51815677714786755814
3.79817061228165473256
4.09547311064301824943
2.95915528487438455345
4.55677517549417836098
6.99452643143193790876
5.54187693836663969638
2.69325082381868027899
3.08172029879416538849
4.46629600452097218585
3.90287073831557993093
1.14939114317102687512
6.15737768859439058529
1.31825642422102385140
2.95935803849415963161
2.41066380899535636596
1.18448300958688301482
2.11220264179363245109
2.93098959397675105427
3.26681802370441197490
2.34360832905159304052
2.28004385922727372433
1.29730489862637919509
1.22122888927506132755
3.38356321058141309256
1.29626386202809804320
1.45354738484852980041
1.31776325643113907549
4.18249925283914426188
2.64056812068918229602
3.57761093468811949291
2.61283371074395011909
5.42208447001704317786
5.89144294719044190117
3.26403124985040546103
3.48782166975319998225
2.29434086395199787018
3.06869679179941138739
3.03408964930174731315
1.81455228637810269079
3.48902565195499816634
2.65827011419080585502
4.45481761691766681017
5.72231596471218985064
2.14074753298935276385
1.23729543763807680177
5.02701700812718555894
3.99265575776324598479
3.56725384574745395283
3.80657326213485611405
3.76394739601923767374
3.19155134691579104476
1.90394327646597707141
1.43641915888086093154
1.42428929645630630920
.93429117516971121180
.92682252885868068976
2.11191855903583554828
2.32236947964788755316
2.31352544831475756991
2.87824599365655332444
1.87789776079529952668
2.60800690183135826761
2.43509753398092865794
1.90255091916090382466
2.83848551167695763526
1.84556224495409528303
1.96114762320433185690
1.09036691072317487123
3.73357737297621836763
4.26667317707836628718
4.45864329140603038665
7.69535574226429118888
5.99774957796672267833
3.65190361318586829977
3.98734247337747500888
3.38570524411089276972
2.40459975879562958921
2.67510747447649287898
2.17432748223444942962
2.84691060625373342613
1.94876884211545213221
1.63618458616379832952
1.92046869279350659244
3.40285174522781700337
3.35860089918406351873
3.10934076614320290231
3.96335716281033647647
5.52196522987966667258
4.73249405704856643721
1.78014044389761562430
2.63474856485395964623
2.49246865577082032038
3.12317146503358025285
3.16513822762924526275
2.82271146240631545000
3.17617694721185204939
2.46935214175702368575
2.58978763608138341115
2.92564522797963321340
3.03660995190360265011
2.39956246011642714230
.99944984866675526452
2.77764288561362761804
2.62910631203837019733
2.79456615595337087736
.98091793744431037394
.77317527120310825419
.83892788724657377430
.99368002898317323483
.71909665553387188591
2.53860197746712550692
2.42862100789727996620
2.90506454317283628919
3.11375978521144112999
1.00468900660851266229
1.04393486386843120893
5.15218400292536136048
3.74958664388489628084
1.98675615011002293864
3.17379898544315499943
5.98271677417542472786
4.88268368830093272918
2.53623737059447966805
8.76849473969164219398
10.25753869112858867016
3.81305651675922579682
1.22482651832820798050
1.28639029847088010445
1.38054337128537906721
6.52398651132879029345
6.43283763202523245529
5.82005154616348737368
3.62116003512686525396
5.34937379512779981614
3.38094661300648165085
1.12071405808975199095
2.00461966467457362414
3.75627475033443207261
1.09517121949035895946
1.74310068556007400819
2.30536331193154889245
3.09958061679318158688
2.59855729203725658398
