4.82075720193415258460
4.11024330180100165807
3.64494170049398732492
3.71510430539978244632
1.31324026743014547269
1.00304536288245707636
.38327535793473600251
2.69625666434039621086
3.20087488040379360280
3.99062651722758941524
3.72200214938143204721
1.44893064016190919945
2.97714628461552087032
3.24263781511287504444
2.40736370330700134530
2.21589710952471798200
1.10936919012563171147
2.44560830878536230082
2.57823583095107884275
3.78953823044444294995
3.77144534628304006661
3.06287446690196560527
3.66915521612264312777
5.66979717450280579258
4.90179558937334717578
7.34852366125332687562
5.23734665646642107012
5.81749946282765031765
1.83202074224065487243
2.42185879026833436889
4.45908062272930875967
2.43339269333989741064
4.32636105751704454295
7.14695739458407573344
3.11879784532438075108
3.99326933727240592198
2.15601484224946837447
3.11445019224902680092
4.29570715947910024664
2.28287099942156170884
1.95982142043605595447
3.63721046957692565146
2.62381401779927991907
4.00602046924376061655
5.08732739264930736971
3.98551125955002164512
4.22518638642131384021
1.59402007515589338640
2.46302659344149185335
5.03598054007360119783
.70661163307718052314
2.71849222915939195075
2.92229361974460054426
1.46495733726276138269
2.50936246883546100429
3.81714553036689970003
3.42638293248142362386
2.47554034505600413169
2.14396828334749392579
8.01984413813635158728
1.48744747806435168932
3.53951974143385729471
4.76504984234163074299
3.79907883571794282395
1.95749840357533880671
5.15598681146490133261
3.37618127475406746708
6.10608712679404862093
2.83268423937437827514
2.60526390217958533783
3.14676023872172377492
2.50984063239082971062
2.39315691086063138652
2.47068816324521213342
2.53515285535211860526
3.17944963790905170550
3.47505395641564103757
3.02061252066530373772
2.60555176498184353382
1.85862852662924551379
1.00811705669530262144
.77291655435758393387
1.37116738584317268613
3.02820078594534414667
2.58499516440553520815
2.18835554698042612199
3.98740517128620878253
2.41886336943614903302
3.91282506636828833326
2.15726678924976731770
1.97974745864213701230
2.43388578203661808563
1.98617723277657172927
1.40217687899922240873
2.00693796615640315112
1.59884333191216705902
2.22123839332927072472
2.37099135384336650684
1.76241311842598357345
1.83668179062133678028
3.03779525314001371391
2.56370825173224420075
1.77994381933812731223
2.39336583079144004060
2.71405600531750265501
3.20070304776934906457
3.23572248501010976301
1.92444797279635491838
2.81639840931640919715
3.59296534912320021388
3.27922246881787512553
3.31449845376340460889
.87578536183245264378
2.21564888915188906561
1.86938492558381351680
2.42901214488524120265
4.48030132915186855292
2.85105243725891509601
5.22065130036473514328
4.31627153918749648444
2.32458598464328696898
2.40875486507033338674
5.28463811438399251909
1.27667536985719278816
6.21793374039961927930
3.76198086119533574641
1.74048843719227275997
3.19256949806891439579
5.83877555657005880769
4.94825221669227365991
3.96672408922022203205
2.08894710320773800105
1.13296072306148371614
1.49067098985658133052
1.34350288425444029636
4.03431530745924716696
6.74111266780195567441
2.88307127903560511328
3.21914584944515988607
2.45945115828714923476
1.75994318090101988383
1.86343768342276474421
.90978019323350846403
3.20721062607369146886
4.52748274430726019525
4.48613419326707167550
5.29635723870661881545
4.70448721966592231489
2.19804458553506143386
1.88878267675241028508
1.82693732787964021062
3.58302944447851279446
5.71785799054156293410
6.16874379432311972234
.73054773971315522782
2.71224998847820073135
.65642973729105234679
3.07884718685419656863
4.04462606429815709360
1.96834956245073501934
.86127812000537898257
.84320815935331176087
.60663003552412404434
4.77964433823270996737
4.64923649645831632650
4.48743802185612364140
3.12483599569641414485
1.48384635323203190463
2.66597074252513131363
3.03463342102468778567
.75365774725667087777
4.51971238022952075547
5.39698990178784751818
7.25794736823022160443
4.97605265245455376099
1.37611772752188611575
3.15604182481791581215
8.02129665328492884558
6.03139287395540168852
2.28637267303473516650
.48104053883222773556
2.19317121994613088165
2.21797204671294268320
4.64867723121319749043
2.66467634057121466385
3.07328814138863328286
4.62382958163468650128
7.46344424511900537584
1.81969777710475867910
5.26581427701357503925
2.55135258245503967036
2.61665817408388289466
5.25740430250518207185
4.77943511306514129978
2.99294169672581493807
4.46165888431646015723
3.49236309681567904406
2.46872436695553357597
3.75981382517804995636
5.44303224315270798304
