4.16510504069225125706
3.15814819158316255221
2.19974998579384016324
1.79245641509075472415
1.15368973298716670169
.94413982015377362220
1.33708638464386436216
1.01178060863015159883
1.23507084817025780207
1.02190997646563760318
1.16352911437574264078
3.36257341927280451759
3.30838329097461136358
2.75869534381743574218
2.19239594964048407858
1.87685907835404627109
1.90811425234444491321
1.81614977355943857188
1.30483715459056422440
1.53850576859497020216
2.50043996128681322113
4.59159013850321792852
4.35102286824604037267
4.57993449734818805738
2.07494578242420589759
8.62673750614912358015
6.04415420054783182067
6.42198567422880506693
5.98788777449945198954
6.27358749042364117088
8.19625524248726651378
7.51085880575583713322
7.57668133155935231194
7.06151541809546713390
6.37021977642843967835
6.55671411607979138067
7.97937967513766072454
2.67134797433804943074
2.29089502160181927442
1.51743204131190006976
1.02254584249313732173
1.46427456441747973156
.47717921161760599061
1.48030402282774331451
3.46440471076922535696
2.52009920439652533929
1.47135991518051082184
.68774995456197596174
.24657656011875905801
1.33476589707708669792
.82401456297810659506
.67245817713817712189
.81000000000000000000
.47265209192385893850
.72732386183872724635
1.31521861300697839538
1.34260939963937389380
1.48398113195552456121
2.75189025943986363752
6.68157915466096981566
4.01382610485307397553
6.88788066098709349582
9.62859802878903030177
6.30041268489612511985
8.00300568536596755053
.63937469452583123013
3.33821808754311317238
5.14258689766152614694
5.32108071729794378995
2.20812137347565203988
.42626282971894230130
2.74572394825117115231
3.49396622765589993903
3.33115595552054572370
3.43320549923828474576
3.93616564692087113896
3.35011940085722914820
2.15543499090090861408
2.37234061635339371854
2.49208747840038713196
1.58606431143254717645
2.22182357535426291101
2.54576118282921424546
2.39651830787916160246
2.62242254413738595742
2.11390633661948229659
1.12751940116345669912
.76720271115266530971
.63921827257987548865
.85287748240881585605
.78319856996805095034
1.54670617765624767675
2.13056330579497214807
2.19622403228814523415
2.44389034123873896863
4.48336926875313271913
3.30122704460023470225
2.41267486412902308414
2.51009959961751318550
2.73799196492612081587
1.98904499697719257001
2.50531435153355555913
2.65851462286743873384
1.96005101974412900740
3.03527593473805936278
3.48376233402911686053
3.27964937150299650748
2.73148311362160904719
2.32051718373297119611
2.16815589845379891676
2.13794293656308797188
2.10247473230952290557
2.19970452561247416277
1.66400120192264284313
1.47251485561266919260
1.39534941860453003881
.55865910893853686452
1.20540449642433307126
2.26212289674986491437
3.69952699679296839700
2.71083013115908832300
3.20802119693745165877
2.06722035593692817138
2.54334425510979539515
3.19090896140895878113
3.60130531890868703112
2.44991836598691589954
1.23668912827759588096
2.35310433257856205919
1.71277552528053132500
1.40249777183423717551
1.10040901486674490075
1.18203214846297645019
2.37892833015204558515
.83958322994209454373
1.60190511579181867596
1.39835617780306602398
2.02101459668157765633
2.01804360706105654757
1.26818768327089504185
1.70123484563419403292
1.49013422214242163884
.99015150355892506719
2.34301088345743712211
2.17002304135232628639
1.13859562619922267115
1.13335784287223247679
2.06738965848240616568
1.24515059330187045451
1.64705798319306293935
3.01539383829044792322
3.05204849240637066257
2.66582069914688748558
2.01335540826750208424
2.51318522994227387290
2.86782147282567085530
2.24289990860047074014
1.34729358344794324192
1.03629146479163862695
2.23794548637807529594
2.19886334272960219359
1.92639559800161503587
.60448325038829653249
1.04752088284673351422
1.08669222873820166102
.85662126987368227500
.99929975482834979028
1.49566038925954042931
.65069193939989759181
.86977008456258140035
.68622153857191046346
2.62984790434732175596
5.02502736310957813275
2.94523343726774907060
4.44933702926627036157
2.52865576937629056951
3.56701555925958921236
5.39693431496067033613
8.20145109111796142521
6.74022254825461976006
4.58223744474246991198
3.50589503550805125926
3.50439723775715814611
11.13195400637282546978
5.73378583485640837725
8.81065831819620616026
5.96199630996195770037
8.26291110928829973214
5.14604702660206944207
5.20511287101442210406
2.35019148156059828741
6.87750681570000336121
5.44519053844766758130
3.33952092372543759751
2.45837344600042407796
4.89105305634686404185
2.38966524852331566059
2.27495054891309670419
1.34096979831762057473
2.16418575912512648619
