1.45337538165471896092
3.27227749434549025381
3.03981907356342509018
1.92356439975374882170
1.77380945989133793434
.84646323015237938922
1.05726061120236575282
1.24619420637395036799
1.54715868610818328042
1.42551744991073329196
1.21577136008379470297
3.95426352182046663352
2.85770887250608507467
1.74143618889696902956
4.40574624779957112772
2.75074535353601933517
2.93998299314808962382
2.61612308578935176981
2.51638629784856363177
2.35325306756413259328
3.15610519469804744973
4.29294770524869077399
6.98290770381508049901
4.63104739772764580155
2.72901080979903778760
2.37151850087660079380
1.02239913927976289156
2.55691220029159389984
9.20788249273414652865
6.69801463121722361022
5.20759061370995252699
5.34487605094823503896
3.24909218090222857253
3.20381023158363735193
5.15155316385262591225
4.04995061698287871851
3.16155025264505324452
6.49699161150759067224
5.70349015954266375027
2.47163913223593383047
4.00391058841228371404
1.88774998344590113255
2.60672207954741504314
3.04213740649563690939
3.56564159724445664875
3.32669505665908608840
3.36408977288062275634
2.90582174264010902352
2.13506440183897028975
1.24707658144959165133
1.88326843546001163259
1.93770482788271960273
2.90848757948181721300
1.92494155755441053338
1.04278473329829680624
1.55993589611881167198
1.83316665909022030740
2.13328385359285931103
1.26321019628563796674
4.47130853330431672191
5.26932633265391905353
3.58581929271400959146
9.00784657951055469684
6.09361140868040583656
4.33300126932822395636
4.05192546821878252573
5.43612913753895290960
4.80464358719770180623
11.25579406350347189933
4.17575142938369836104
3.86631607606000055542
3.99837466978771262823
4.59078424672734974305
4.14234233254568181639
1.66976046186271879875
2.60057685908338421483
1.44478372083852052239
1.35292276202302103185
2.24804359388335705824
1.39517024050830442016
1.43655838725754547731
1.75048564689916837946
1.59216833280906576382
.98762341001011109082
1.87384631173423611699
2.79401145309034121718
3.56440738412432312703
4.65312798018709130798
3.39655708033885395500
1.99446734743890956486
2.12772178632451850918
4.98673239707125250910
4.84546179429783555072
1.51983551741627620116
1.45550678459428693932
1.53613150478726918140
1.84116810747959676904
1.84678098322459450215
1.81344975116488959747
4.25250514402981057699
2.58201471723148781900
1.73083794735382434068
3.02087735600106744883
3.35273023072241826320
2.82398654387728979490
5.54694510519078420057
4.19153909679964693515
2.90994845315170488502
1.89857841555201506509
1.90549206243426792187
2.09590076100945199308
1.49572724786305875467
1.56409718368137214672
2.83070662556189315886
4.49695452500911999160
1.97810515392888049570
1.95726850483013699363
2.76237216898809636121
1.24979998399743948788
2.38882816460288746320
.45044422518220832442
.97082439194737994592
1.60284122732103443983
1.05612499260267484685
2.31322285999425485532
.97447421720638663596
2.66001879692606683654
2.36091084117973417382
.62633856659158391633
2.30189052737092603901
2.35486729987063177614
3.25309083795703436240
5.30489396689509714087
5.24984761683613060658
2.76524863258261100618
1.63294213002175922180
1.49686338722008963432
.73518705102851206297
1.08388191238713823275
1.24839897468717908267
1.67430582630533780269
3.54296486011363087580
2.07482529385006293353
1.46331814722568106337
2.06463071758607718337
1.72904597972407893974
1.82238854254519499818
3.28405237473460523371
3.03965458563962494188
2.13358852640334565518
2.01648208521672713619
2.40074988284910679489
3.26805752703345171698
2.00937801321702532458
1.97673974007707954512
2.42342732509147053233
1.40826133938271556883
2.60649189524924477559
2.60205687870192414823
2.51238930104392858202
1.30713427007327751417
.76124897372673022211
1.50867491528161891156
1.35771867483658042229
1.81675534951737516550
2.82223315833401688137
2.18600091491289179652
1.56543923548632190273
2.26294056484035832929
1.98499370276079213560
5.91677276900169624893
5.76785922158299560555
5.59972320744516799906
9.58052190645165217765
9.80585539359009719636
8.02388309984635805573
5.63093242722730601939
1.39899964260181281863
5.53361545465530157849
6.02887219967383286047
3.13961781113561655116
3.57309389745077928031
1.74854224998997379102
1.51112540842909527195
3.00965114257450110868
4.46674378042887076005
4.04944440633526910010
7.11294594384070938020
3.97524841991038341196
2.74861783447608445441
1.56511980372110811777
1.03927859595009460581
2.31346061129209632368
1.25299640861416677884
3.05170444178331267179
4.76038863959656134292
5.82852468468651164551
3.12916921881831120635
.28301943396169811433
5.69804352387729660451
