4.38097021217903283748
3.61321186757710071595
1.63905460555772820780
2.41760211780185202583
3.17116697762826736963
1.31495247062393855939
2.00374649095138779234
2.95555409356688986992
2.86485601732443091378
2.88216932188239072582
4.53898667105335307130
2.47058697478959440902
2.62788888653991609364
1.71901134376710847812
2.12962438002573589996
1.61449682563949316673
3.02400396825136458020
2.58458894217242986331
.48062459362791663118
4.10329136182162916121
2.09461213593352408992
5.46741255074098098738
4.11976941102290335455
5.35068219949568673689
3.38504062014032558344
3.14410559619106940706
3.95106314806534065347
4.30917625538802949530
3.67393521989705202259
6.57001522068252137165
2.30716275975493328436
6.34738528844751947439
1.93832401832098237042
4.37876694972454545678
1.92774479638773762661
2.33799059022913948082
4.63283930219903051624
5.00354874064398417347
6.26618703838307079941
4.56558868055369175303
3.34360583801380511945
1.07116758726167587487
1.01178060863015159883
2.20472220472330708551
4.47408091120399833119
2.35002127649942778129
1.33603892158873874627
4.06552579625317345003
2.95832723004065255147
.39268307832143722258
1.26146739949948766006
2.34682764599362941798
2.45122418395380556020
1.04637469388360114335
1.56233799160104917420
2.67643419496911972928
2.41350367722943401360
5.97529078790312932164
5.58854184917675998966
2.00927847746398756870
5.20961610869745372642
5.13677914650805286108
2.52913028529571801496
4.81428083933623465135
2.59086858022555825659
2.65037733162657426166
2.26302894369471112162
2.80487076351121746295
4.31143827510031737900
3.29407043033387493477
3.64308934834159674086
3.49201947302703339320
2.23682811141133506633
5.39106668480366694118
5.82358995809286009521
4.76543807010436344837
3.85286906084284156795
3.21753010863923385291
2.31562086706783673343
2.11180017994127465222
.61878914017619927845
4.24529150942547171509
2.78411565851708107518
2.83822127396720074687
4.99538787282829520223
2.53905494229644428149
3.10307911597496978804
3.65236909416340341477
3.06727892438884664273
1.68499258158604366005
1.52833242457261240950
3.57818389689518333453
3.08671346256823780355
1.00886074361132716243
3.70503711182492745621
4.02390357737359308111
3.10291798151353011234
4.32641884241458989141
1.54857999470482634799
3.46729000806105055173
3.37752868233565116529
4.45035953603750985749
4.55473380122263566736
3.68757372807649772690
3.50549568534893507148
1.45814951222431233922
8.00201849535478142036
2.48026208292591531122
.66219332524573214698
3.63685303524901869246
3.06003267956405981909
3.43553489285147560994
1.01098961418997772016
1.80778870446742198909
2.04550727204769428558
2.81192105152331757281
2.63918548040868093890
3.28405237473460523371
2.65618146970420678748
3.00108313780208361624
2.69742469774412794450
4.77822142643055000563
3.73638863075028639344
6.65986486349385320618
2.62819329578324584843
1.56393733889820534586
5.01040916492854902649
.60448325038829653249
2.31579360047479188123
3.70633241898240962408
.98559626622669386003
3.85337514394848402748
4.20358180603161332124
3.93653400849020990647
1.70370185185084540953
4.59335389448712083447
4.77402346035291284470
2.72561919570581245934
3.23250676720095978208
4.17029974941849953347
2.80435375799844481746
1.43843665136842227223
3.09318605971254176671
5.33719027204389631923
2.18084845874260598519
5.38435697182124060551
4.66597256742900279130
3.14650599872302801875
4.59095850558464533809
4.66960383758622504411
3.12888158932229328939
2.57108926332789931784
1.67388769037830014146
5.91744877459872904644
1.91637678967368001255
1.36751599625013527663
3.69557843916212932545
5.44482322945382681410
3.03356226242350265692
2.25461748418661918261
4.19609342126697651054
3.72882018874603284349
3.18510596370042295018
2.80693783329805863372
1.20124934963561999008
1.13956131910485624380
2.36345086684703475347
5.02484825641531189114
2.11274702697696394131
3.60306813701878249672
4.33714191605485743298
5.03144114543735868590
3.40061759096785241575
3.59845800308965673497
2.73228841815793670797
4.86136812019003555731
5.43196097187746738324
1.82466435269613353621
1.51016555383838628992
3.11696968223946637732
1.42102075987650511171
5.42842518600007971041
6.30785224937934005188
.98366661018863499898
2.90532270152559817153
3.59477398455035000271
2.88045135352083319990
2.63068432161671575960
5.13336147178435117065
4.01342746290499188336
3.12464397971992962857
1.51884824785098264273
4.43756690090414298871
2.00034996938035820292
5.81949310507367127682
3.86897919353412910027
3.19978124252268220586
4.81252532460869238385
2.37480525517356896386
1.24923976881942083008
