3.89227439937114402823
1.78877052748528926560
2.71854740624473937092
2.15230109417804273902
3.08056812942028600738
2.33465200833014940355
2.37075937201564174265
1.31825642422102385140
2.35868607491543901724
3.35955354176711998417
1.45196418688616421397
3.01802915824217974038
4.36262535636513257544
5.59283470165174826258
4.65237573719062377280
2.30783448279983891915
1.56070496891629072560
1.95783043188116779257
1.34417260796372427788
.99347873656158338535
3.86737637165042419924
5.04548312850216554958
3.62906324001111890240
3.50766303968896077313
3.55759750393436160000
1.63978657147812989400
1.36315809794755648511
5.59724932444499920723
6.39742135551504845538
4.60609378975287475637
3.97767520041543864615
2.70499537892396407694
3.69721516820430671563
1.48006756602528115800
4.04139827287536708077
2.49266925202683077506
4.79887486813315439672
3.85098688650065387365
2.76141268194379088536
1.05171288857748624625
4.49495272500167681129
2.20712482655603328248
7.71234076010649311610
4.87316119167014626261
5.16181169745662070485
1.38892044408598147756
1.09476024772550085501
1.67880910171466487674
3.24867665365453075895
3.61935077051119763389
3.14214894618316908328
2.92924905052472450229
2.26867802916147623188
2.55865198884099906424
1.26842421925789480724
1.43352711868314510794
1.27082650271388344224
2.33268086115525027256
4.54614122085973039782
4.58854007283362406073
1.05057127316522414037
1.57461106308827895266
3.91185378049844802733
3.86746687122204060386
6.30825649446818229168
5.44921095205535238966
5.89842351819534911904
3.11817254173017180072
3.55440571685338138468
1.90199894847499850030
3.20633747444026858474
2.38004201643584435271
2.12388794431344706006
4.38366285199945548914
2.42454119371067811931
1.41435497665897156484
1.55470254389706328800
1.56898056074637202625
2.01449745594279666739
2.01347957526268440665
1.90604302155014329046
1.64739187809094166360
1.35292276202302103185
2.71118055466617715264
3.55491209455311285619
3.75401118804939098972
3.94587125993740449606
4.72061436679591526237
3.94609933985448470741
1.35185058345957745863
2.74404810453461256372
3.69173400991999963995
2.42315909506577797051
2.89055358019878261519
3.86046629307911455568
5.66366489121664047627
3.87116261606251823961
.70887234393789126014
6.06865718260637952144
2.77108282084819687909
1.57238672088007662619
.94810336989170120763
1.85677139142114099947
2.60153800664145593027
4.24778765947640089897
2.64268802547708987041
4.73329694821696138215
4.32897216438267248879
3.43212762000482726804
.67119296778199337746
5.06937866015155746917
2.09869006763742987891
3.71049861878427331129
4.08436041504664472968
.91115311556291130315
1.64690619040672744688
3.52400340521969416555
3.50608043261987930110
2.31693763403333754904
4.36314107037579063422
4.43198601080824712478
2.99684834451128007025
3.45503979716587345708
2.87890604223201421242
3.34061371607074618381
4.60869829778431037621
4.07219842345630304380
2.30466917365595012637
5.85266605915628847610
5.91902863652474653239
4.84237545012775728697
7.55672548131794979525
2.25579254365289540026
3.09581976219546734774
6.37489607758432404079
4.19764219532822973551
1.25972219159622650508
1.30176802849048339961
1.47922276888912171719
3.39227062599669367829
1.71318416990118140654
1.55351214993639492938
3.11205719741781095690
5.56170837063577075865
1.69339894885995485549
2.21470088273789244001
2.49264919312766512688
2.07185906856619955766
2.95820891757157678946
2.97949660177688405431
1.97782709052131248230
3.15483755524749641585
2.21205786542757511110
1.59508620456701336239
2.73153802829102124876
2.78124073032163111243
1.33962681370596639756
2.73179428215229998859
2.96791172375459981436
.85533619121372386834
1.92707031527134473682
4.07664077397064751479
2.15408913464601088219
4.23529219771198313008
5.61467719463906491109
3.40878277395318929113
2.42357174434758584474
2.48648346063270648090
2.92871985686579453013
2.33525159244137975172
4.90033672312423853092
3.79491765391556289563
4.35823358713137357235
2.04719320045764122306
3.43387536174509397407
2.12983567441246508950
2.71902556074782055366
3.11192866242142510974
6.30553724911684270037
5.98014213877897721662
1.18515821728577657446
2.66033832434899151869
2.07684857416230517053
3.53645302527829429106
.66610809933523552675
3.02408663897051732600
4.56234588780815696716
6.41904198459552062151
3.97137255870058104021
3.60312364483929415985
2.26543594038763320755
1.42509648796142922780
3.53018413117502979917
5.01522681441228538181
6.30900943096457892749
4.30258062097620664677
9.03816906237098443887
5.47124300319406394395
4.12470605013254247535
3.37806157433519852647
