.60942595940770360328
3.42352157872562561711
4.62148244614214671367
.97144222679477959781
1.15503246707614240985
2.84137290759238429112
.72862884927787480517
3.55259060405220347984
3.53226556193047297331
2.40744678030481080871
4.54136543343519097605
4.65850834495334997891
4.15838911118235783598
2.49955996127318378039
2.04951213707067370467
4.09591259672371426935
3.88161049050519750884
2.02563570268693674602
2.19595081912141192652
4.08324625757497021427
3.74050798689162004574
4.30550810009689797122
3.84335790683095242747
2.19467537462832985604
2.41248834194074396982
3.79275625370257612604
2.49707829272532021664
7.35947008961922475180
6.05968646053572643094
4.92834657872191452070
1.59806132548159740514
5.79242608929971587255
5.31568433976284938694
4.41362662670960421602
4.47092831523834656080
6.36215372338644455045
5.71386909195511758707
4.84570944238302426923
5.81778308292772290776
4.49005567894207743977
3.01426607982772483044
3.06414751603117176033
1.18203214846297645019
1.84718705062589695494
1.91535897418734538373
2.89718829212048280360
.73986485252375653041
2.84146089186530948460
3.43059761557662136727
2.78098903270041681766
1.67361883354603774606
2.05338744517443663072
2.12941306467298636229
1.33450365304857820760
.45486261662176635726
2.10240338660305624993
2.04401565551734461268
4.86921965000553245734
3.70702036681753341564
4.89471143173936250793
4.28659538561782152254
2.05411781551107725160
3.88346494769812490450
6.13724693979311867154
6.44249175397221598958
2.77650859894220388852
2.51781651436318925420
1.28019529760111210931
4.98402447827054717807
3.11796407933125490008
3.81377765476698969029
3.90330629082576608397
3.73495649238381356543
2.76960285961724122422
4.89130861835562365284
2.56690475086240782780
1.56336176235700481584
1.71233758353894691357
1.10828696644867208327
1.81168429920888810466
2.44624201582754276753
2.53710464900445129431
4.03329889792462567003
2.87323859085875428452
2.87062710918711976132
3.28053349319893394683
3.38357798787023675128
2.57365498853284528588
3.74056145518289807445
5.59808895963613640036
3.69486129644943505557
3.09661105081022405111
1.90633155563244034550
4.25998826289462914994
1.79811011898604252307
2.61545407147592633844
1.87152344361485357269
1.49856598119669058501
2.49136508765776839526
1.51439756999276778422
1.57232312200768707006
.69935684739623447830
1.69227657314045448556
2.68560980039915701823
2.46083319223388239797
2.09461213593352408992
4.20239217589220247206
1.84363770844491027946
1.43895795630032220896
3.96155272588918094283
2.34499466950353641949
3.79860500710458180694
1.10670682658055380769
2.83437823869715736991
1.52780888857212766249
4.86639496958477467148
4.82137947064945303917
2.16166602415821857224
3.80728249542899035980
3.41877170925465568735
1.73971261994617950176
2.40276923569451421424
3.25510368498455053437
3.32860331069954925020
3.02737510064412071031
4.20430731512338426966
2.67733076029092826765
2.75668278915075754858
2.29839074136666326765
1.84707877471427839479
2.36177899050694411074
1.89517809189532369921
3.62403090494548625061
7.45266395324517500144
4.43664287496751309119
3.06894118549052679625
3.84650490705523473403
1.89573204857648592742
3.37927507018887114447
2.77055951027946699833
1.80560239255490576014
1.36458784986529907179
2.44284670006122160674
2.17444245727496776175
4.05931028624321843673
3.19696731293893588348
1.30069212344812790443
1.58886752122384325613
2.19431082574916901857
3.10322412983658014092
1.81697550891584666950
2.79008960429589070930
2.51358309987953252868
2.75646512765897330515
1.41947173272312823467
1.87429986928452833416
2.01720103113199900029
5.16893606073822507290
4.78051252482409044885
3.84006510361478116437
1.69073948318479863907
4.04179415606485333539
4.86909642541611615596
2.60955934977536006221
3.65805959492187606432
1.58672618935971432462
3.80232823412182552201
4.16768520884195379269
2.45081619057815104846
4.53072841825682595172
3.02966994902085002675
2.03926457332048996687
7.68189429763258328055
6.38718247743087421493
3.02792007820549979588
5.97879586538961873594
5.03322957950459478144
4.37923509302709164339
6.85478664875866140184
5.55558277771108366013
4.04377299066107319980
1.40092826368804480623
5.35438138350267313118
3.58711583308930797621
1.47695632975386242460
2.96165494276426469728
5.45957873832771093958
1.22221111106060560146
4.50711659489745172933
3.19413525073688762857
2.19029678354327133408
4.57079861730967097307
4.97117692302335986775
2.03747392621353562194
3.83334057970329581306
1.24422666745251847619
8.00220594586267818331
1.50446003602621495490
3.42293733509686092821
3.46238357204975197126
