1.86166592062056075013
.42626282971894230130
1.71758551461055353184
1.80113852882003498603
2.02960587306994162629
1.32223295980700768492
.42965102117881670408
.51439284598446740062
1.74037352312657296412
2.29551737087742378948
1.40402991421123218175
1.37629938603488448987
3.66858283264805130391
1.76646539734012338790
1.72678892746044674190
.62233431530006442350
.86406018308911793068
1.56412915067778210627
.98898938315838355616
.56859475903317997431
1.02902866821094931047
1.45031031162299883856
2.66281805612024495300
4.79421526425336892172
6.29255909785518025531
13.24919620203429548412
2.27569769521349210334
4.16794913596603287531
3.16166095589011567880
7.43040375753565628538
7.55878958564134129317
6.91164958602503227338
8.22523555893689892079
5.01522681441228538181
4.17236144167784198451
3.23389857602244538914
4.37443710664583678158
2.51646577564647200985
1.25039993602047181166
1.78902207923770465689
1.43401534161946817018
1.60642460140524491408
2.36816384568297976539
2.61407727506284710443
1.67490298226494301027
1.88132931726478976910
1.53450317692730763534
1.52623720305855472224
1.67080818767445594535
3.34649069922508525115
1.70950285170864807188
.89269255625887236362
1.29637957404457742404
1.09859000541603326567
1.86991978437578974132
1.61449682563949316673
1.50990065898389487390
2.05487225880345175290
2.73521479960898134944
2.23912929506091720018
2.70743420972698799206
5.54963962793981785946
4.87320223261871207971
7.94442571870364963260
5.27630552564955245124
6.66628832259751573370
4.23469007130392011171
5.90784224569343083605
3.09866100114226757923
2.45906486291028931858
3.76822239258778355877
2.86618212959330272913
1.16266934250456608485
2.71396389069567393903
6.16944892190542412306
2.06506658488291849073
1.42218142302590916665
1.26593838712632456455
.54120236510939232960
1.03720779017514132822
.67860150309294187415
1.30199846390078356343
.99829855253826748198
1.29000000000000000000
3.49097407609967794215
3.34309736621594675324
1.63774234847853891599
1.60925448577905166577
1.66919142101797300125
1.10186206033241747151
.53758720222862448643
1.23308556069722915233
.96488341264631552375
1.06348483769163347672
.90675244692253243458
1.07060730429042001749
1.40620055468627944927
1.49736435111832417365
1.38050715318682793125
1.97560117432643778027
.63126856408346519215
2.23273375036075450103
2.71562147583200556776
2.58924699478439097791
2.49635734621468005886
4.73895558113810558219
.55335341329027690384
.85381496824546241963
1.61406319578881421194
1.56361760031025488581
1.31548470154540375787
.73068461048526264961
.84017855245179878371
.88436417837902050565
1.34718224453857763868
1.16696186741469834542
.68220231603242157272
1.83095603442573137062
1.59881205899880552533
2.49419325634562647856
2.16704868427084489439
3.04832741023663663804
3.76843468830229297367
1.70285055128158560313
1.46608321728338463372
1.80546392929905968808
2.75753513123586514353
2.45646086881106249793
1.63835283135227010233
2.08146582964986480221
2.14133136155990579560
2.50848559892218635794
2.76541136180496662108
2.49160590784337321132
2.74052914598622723715
2.90644112274788735311
1.93509689679871069757
1.48128322747542105557
1.25015998976131051032
1.12463327356076389564
1.21004132160848126963
1.47152981621168655136
1.59899968730453477846
3.56148845288034030992
3.34850713005064392680
1.46540096901837757724
1.51779445248689718618
.58694122363316754853
1.24535135604374719771
1.94917931448084067748
1.11175536877498369920
1.06451867057370111680
.41218927691049897083
1.41792101331491663594
1.25211820528255238686
1.05361283211623803761
1.05882009803365557384
1.11758668567588080406
1.82893411581718820536
2.11478131257111310800
1.57508729916789056686
2.70970478096784558188
3.89105384182742966063
4.02945405731347183950
2.58685136797613480512
1.44972411168470258012
1.72214981926660492275
1.71239598224242514134
1.54651220493082433351
1.73242604459757531088
3.92374820802762520994
2.28089894559140870325
6.46379145703201040393
5.41513619403981380601
7.27646205239881670888
5.54561989321302114069
5.26566235149957179629
4.13321908444253653985
4.16209082072940835052
7.30631233934055135121
3.35620321196437686741
6.66129867218097345087
7.76798558186097562223
10.38315462660553851775
5.24544564360360138886
3.50647971618259899495
7.12803619519429769288
7.62459179235190269081
5.77617520509895890744
2.04394226924343438022
6.88835248807724705274
2.11113713434253247233
8.24530775653644113267
2.12642893133064759851
7.19317732299155822777
4.92128032121723381107
7.94825767070997768115
4.09406888071024032203
7.53294763024408659667
6.81229770341842885024
