3.24322370489610229106
.67970581871865713784
.76085478246509037764
.99829855253826748198
.81308056181414151428
.68593002558570068765
.52592775169218823035
1.18878088813708643000
.84154619599876987382
.72374028490888912242
1.34391219951304854579
1.75262660027742361091
2.77180446640811948887
1.96186136105485292775
1.71478861671052621902
1.56233799160104917420
1.84962158291905752729
1.44204715595572671272
1.53016338996853535360
1.26340808925699062899
2.25570388127519965040
2.31224998648502536865
1.38776799213701423370
2.40102061632131763751
6.13353894582890865008
7.73269681288488123793
3.75929514669971078077
5.83425230856534006308
7.81472968182521333205
3.00722463411032864596
7.24829635155737820360
1.49201206429438766787
5.15924413068426138806
3.36867926641881417330
2.05031704865369541217
8.05422249506431253765
3.81211227536650604353
3.17403528650832739919
1.65490180977603622898
1.42225173580488204654
.77000000000000000000
.35693136595149493810
.39812058474788765938
.45442271070007053510
.66768255930494395384
.33376638536557272666
.57714816122032304366
1.35107364714141323525
1.13159179919262405372
1.08411254028352609956
.40718546143004664011
1.60601992515659655498
.45453272709454046527
.64327288144301559698
.29949958263743874539
1.61207940251093091124
2.31157954654387786222
3.00034997958571493046
5.17734487937591424270
7.00574050333010835820
9.11334186783311668386
4.22396732941910903696
6.15910707814046694545
1.96440830786270093090
9.34384289251483508696
8.74018878514646272740
9.42994167532334210459
10.05961231857371330578
4.57607910770782021016
2.61650530288016041697
2.02669681995112431271
.92741576436892639225
.91285267157411551281
2.03012314897397295798
2.63820014403759746288
.74732857566133519286
1.19787311515034846782
1.14442125111341758935
1.10353975913874530413
1.22800651464070010445
1.59354949719172513690
1.87667258732044146624
1.94036079119322548735
1.55614909311415273529
.93300589494386368533
.82462112512353210996
2.47406548013588354985
1.98517001790778615416
2.48020160470877850772
1.95634863968567729315
1.97240969375026140891
2.11255769151992627895
2.09735547773857352852
2.55045094052012692307
2.39762382370546193236
2.02765874840911038345
1.38765990069613238788
1.28085908670704288367
.94387499172295056627
.34336569426778791117
1.71912768577555052997
2.13375256297444198289
1.01059388480239677333
.97087589320159762631
.96067684472979778383
2.80675969758723733887
2.27809130633519603886
2.75682788726463662055
1.72049411507276013698
1.66330995307549338310
1.89599578058602229580
1.79571712694399615452
1.67203468863537636833
1.49909972983787839784
1.73510806579878476455
1.49114050310492203463
1.88647820024510222273
1.34762754498414731683
.93541434669348534639
2.25530485744167189739
2.15246370468818823240
2.01484490718268437148
1.67275222313407791806
1.43478221343868073474
2.51443830705786058663
1.38293166859393309650
1.52960779286717809268
.99040395798886022020
1.33345416119190238927
1.52059198998284875221
1.77980335992491035638
1.72780207199783158495
2.50259864940425475328
3.16520141539207580330
2.96745682361176065688
1.56057681643679430894
1.53528498983087827230
.30232432915661948095
1.02820231472215622512
1.02888288935135858833
.75874897034526511441
.31921779399024735444
.64358371638816344434
1.26826653350153492095
1.14647285183732109165
2.63321096762109055286
2.21725054966731263182
2.72202130777846777677
2.27090290413306750872
.46065171225124085063
.76870020163910455422
1.29031004026164192287
1.48946299047676911387
1.12432201792902730647
1.17511701544995083949
1.34866600757934134268
.45177427992306069304
.95942691227628173094
.98478424032881436033
1.15147731197796511339
.83360662185469712114
1.91984374364165376988
1.46782151503512170040
1.68585289986997382748
1.54883827432046629417
1.27157382797854092983
.78287930104199331807
1.18515821728577657446
1.77555625086900583950
.79498427657407162080
.68716810170437917381
1.94043809486414690930
7.83505583898417408081
2.49154570497914005254
2.85583612975254586822
5.66810373934704903615
1.31848397790796077614
2.35824086980104727384
4.79493482750287232723
2.02918702932972642239
2.36672769874356268328
1.57702251093635312127
9.00563157141130218910
16.23680387268381092087
6.72494609643824580150
15.45690137123220437869
10.23228713436052868470
7.17576476760491362192
6.05020660804240634818
3.88580750938591913159
4.18706341007632699070
2.93003412949405761695
2.74299106815899056073
3.14036622068191276104
4.97573110205927426381
2.73543415201316809179
4.00704379811351700179
2.92304635611548247645
.87698346620674668224
4.92209305072547363763
