8.31868379011968455288
4.37769345660474495494
3.12857795172183619350
1.41950695665783899672
1.22368296547757826504
.52943365967796191868
1.02946588093049494711
.52430906915673316436
1.84623942109359153397
1.94958970042416873658
.42930175867331361306
2.54982352330509336369
1.88228584439239727285
.94519839187336750356
2.58553669476957916950
3.79180695711160907722
3.35053727034933906284
3.99793696798736435506
3.43418112510100433694
2.31771439137785050773
2.44061467667471015722
2.30147778611917086650
1.70836178838090381820
2.22272355456093549717
6.73820450862097239150
5.37646724160019410789
9.21195419007280995282
3.08423410265822720670
7.04555178818522346684
6.65834814349625308025
5.24568394015499183886
4.43341854554699132570
9.70031442789356184279
6.10168829095685614735
7.98867323151973715776
11.76951145969959111624
3.13498006373246335513
2.52889303846564455680
3.23717469408124466760
1.57159154999000933162
1.38982013224733509038
1.71084774307943604336
2.09425404380652921779
1.06756732808755439169
.55767373974394741980
1.63624570282094247582
.59539902586416783622
1.01133575038164254544
1.43836712976903083844
1.55157984003402158151
1.54693244842817877972
1.51162164578309740476
2.02410474037288890491
1.41852035586381346789
.60860496218811755593
1.32041660092563210699
2.20120421587820878859
3.28198110902546177346
3.51341714005040967039
6.20559425035185490091
.82431789984204516241
2.58168549595027163138
3.55676819598916229400
3.53058068878194596630
3.94827810570633435970
2.41813978090597566679
3.23873432068763553281
4.80036456948844667643
5.35406387709373523495
4.02617684658783958885
3.80740068813357231604
3.26075144713607387827
3.83455342901882122151
4.35295302065161277568
2.97148111217285040982
2.58632944537234080495
1.94396502026142435421
1.18595952713404178799
1.25908697078478260297
.97928545378760732412
2.02111355445457344050
1.58511829211576509394
1.03334408596556065062
1.01985293057381562833
1.61406319578881421194
2.48189443772292620044
4.66152335615729807103
4.93163258972117670468
5.14554175962065242279
3.87428703118393126626
1.87427319246688261435
2.40320619173636451414
2.27079281309414047563
1.53420989437560335400
1.01123686641656810197
.56542019772908714160
1.00069975517135008440
1.13723348526149193757
1.78308721043026944818
1.81071808959870945450
.25199206336708305147
.90410176418365648491
1.16833214455479226106
1.75128524232918721868
1.76113599702010520230
.53385391260156556054
1.35653971559995249554
2.28449119061553835530
1.53564318772298143516
1.46140343505823196077
1.54311373527682657329
.81246538387798405943
1.32928552237658858811
1.43422452914458271720
1.20805629007923302149
1.53928554855816144636
2.05453157678337959391
1.16901668080485489708
1.50548995347029798769
2.13686686529601090166
1.77634456117049543547
2.27881548177995315286
2.67357438647216247600
1.73176210837401105205
2.61780442355803196087
2.65454327521703815978
3.95612183836645759086
2.53110647741259593182
1.79304210770411077928
2.01109422951785130917
3.34517563066575026130
2.54921556562013797852
2.03391248582627074643
2.87001742154991107991
2.30141260968128007691
1.19674558699833942608
3.23661860589103083775
1.51528875136061113703
1.26356638131916124511
1.17821899492411851032
.71028163428319051532
1.80138835346518214353
1.54382641511278721869
1.58448729878153330686
1.33334166664062516275
.64969223483123145605
1.17213480453401775096
1.34762754498414731683
.97020616365801346108
1.02435345462393985133
1.17281712129385287210
1.69023666981875647626
.83588276689976089014
1.96860356598275011861
1.39574352944944724182
.98964640149904046422
1.34178984941756061862
.79460682101275722688
.96550504918410447430
1.71058469536003975087
3.23426962388728500391
3.23711291122197342484
2.20020453594660148814
2.20065899221119672319
.69814038702828244271
.35454195802471673042
3.01582492860577037839
2.97195222034271607500
2.56080065604490190664
3.04588246654397352502
3.55778020681435575384
5.64335892886497163655
5.52038042167385417228
6.57303582829121660950
11.23605357765794920650
8.59462041046607246845
11.18510616847242983736
4.01666528354056407551
5.45543765430418973640
2.18892667762079230409
4.38553303487728843718
3.15128545200208735390
4.78774477181062775164
3.23222833351853408320
4.42748235456675761554
6.08719147062091353104
3.58749216027017960088
5.59769595458702990816
6.74837017360488309483
5.00554692316434088984
3.13888515240682229074
3.69417108428941065469
4.09000000000000000000
1.75698605572155865075
4.93648660486382764376
2.75802465543729322187
4.85273118975283855563
2.38857698222184164126
1.89346243691286360834
9.08116181994352526580
