5.48894343202769762339
4.55748834337510950040
4.54234520925039337767
4.22618030850554221830
.79818544211229510496
2.54153496926562078731
2.28396584913172464887
1.91347850784899070943
5.18185295044156960299
2.44910187619870153902
3.56749211631924983571
5.83991438293405120019
2.07562038918488175463
3.96910569272222832803
3.31350267843561581147
1.05304320899002050399
1.35484316435519576340
1.81925809054130634639
1.56658865053976437902
2.09823735549627463970
2.32695079449480409506
4.52965782372134595214
2.12929565819310306506
3.86917303826024302042
2.91566458976336988404
2.95447118787779008525
3.98714183344410260019
6.15306427725243253857
2.39152670902919250670
5.09734244484319495479
4.88468013282343801005
2.01325606915762208512
2.48614158888829177640
2.22620753749510065753
4.33172021257144446240
2.50241882985242899966
4.68027776953462453359
4.15467206888822935413
5.31761224611197088363
4.20738636210177398535
3.25290639275095034204
3.84689485169532545152
3.00948500577756658807
4.63531012986186286741
2.47236728663036633376
2.74113115337446048296
2.93231990069296497962
2.17119782608586820591
4.28231245940788398234
6.32020569285525706457
3.73915765915266001371
3.71339467334136192004
4.48385994428907201566
1.89200951371815252825
1.12614386292338333730
1.45667429441176039447
2.34192228735284894807
2.74810844036402610077
2.88925595958544316714
3.20789650705879225688
3.58853730648017647162
6.95846965934320935154
6.52357264081576698740
3.56536113177893944460
2.87000000000000000000
3.88186810698148269788
1.32608446186508044763
2.71416653873707609673
6.40422516780913942281
2.48340492066839555096
2.44092195696626073018
1.22454073023317603324
.88752464754506958988
1.34885136319759116741
4.83452169299094158072
3.68897004596133851556
1.71962205149852623073
2.86925077328559763516
2.03049255108212598436
1.16730458750062316372
1.41654509282267467110
1.11821285987954905114
2.62975284009733507883
2.73441035691426534649
4.23675583436194727334
2.61296766149143147025
3.11175191813229224206
5.41178343986527236204
3.24766069656298916758
3.84836328846433104002
4.24058958165017426624
3.78865411459003472857
1.74473493688869542279
3.76119661809908576334
3.19327418177644119441
2.30880921689081967334
2.41534676599448138122
1.34108165299507397294
1.00453969558201133339
3.13285811999203053600
3.16665438594109919326
1.46017122283655487743
1.06033013726857730958
2.25055548698537979414
3.19006269530866744061
4.17001199039043531621
4.74229902051736927374
2.86483856438718026413
3.03117139073329207218
1.71947666456977542780
.92293011653104050172
.85650452421455428059
1.57152791893749059159
3.52058233819349835128
3.13051114037308610246
1.80208212909400996589
3.05767885821909034567
3.95728442242909803209
5.56870721083448595417
3.96531209364408036880
2.21840032455821643120
2.36571342305022228573
1.68928979159882452656
2.16704868427084489439
3.01628911081149513869
5.80515288343037525552
4.83070388245853877447
2.43470737461404178497
5.49735390892745780113
9.06305687944194687652
5.32485680558641877174
4.66237064163714895018
4.09229764313398885499
7.03765585973056798488
3.05452123908150293287
2.95184687949764765571
3.15023808624046700004
1.87643278589988402493
2.27703754909751103998
2.51573051020970845163
1.48828760661372168801
1.38802017276407045740
2.75777083892044953213
5.32279062146915562854
3.98943605037102957194
1.83262107376293149511
3.96809778105328447814
4.75725761337348642011
3.20691440484463195782
3.91292729296111506473
3.04422403906151427657
1.97499367087593473128
1.82123584414539788070
1.87851004788369444590
2.51244900445760291654
1.63000000000000000000
.85264294989168825003
1.11251966274758487973
1.91919253854322808014
1.19891617722007571549
1.19636950813701366249
3.49242036416007630632
1.75900540078761554665
1.07986110217934973083
1.15472940553187611287
1.87555325171001209831
2.56464422483899314045
2.83642380472312352929
4.38431294503483179449
3.31464930271665391458
3.95046832666710542758
6.29379059073305997137
2.23439029715043293731
3.21637995267972033167
1.86638688379446130311
3.14542524946945766708
1.27502941142547766720
5.16543318609388267828
2.75624744897841129956
4.14813210975735438907
5.15768358858897043139
7.08793340826506354670
4.87534614155754073264
1.19657845543031569326
5.91890192518848887878
5.36277913026445645356
5.46974405251287786433
6.29229687792939407491
4.76630884437842529533
4.72284871661161723474
3.79182014341397790934
2.83049465641608304379
2.35798642913821707177
2.44560830878536230082
4.95885067329114075632
1.40996453856116537438
1.76462460597147970291
1.89200951371815252825
5.14418117876888158111
2.33816167105698659812
