1.94033502261851677375
2.95915528487438455345
2.38882816460288746320
4.63674454763253051048
3.23851817966180328805
2.14172827408147180205
4.10355943054319611738
5.16496853814231863613
2.13293225396401186307
6.86038628650019969121
1.32049233242756847141
2.36019067026373951811
5.44707260829153993020
2.70682470802968694934
1.07930533214656175903
2.28309001136617476113
3.73810112222770131951
1.73741186826843104767
.41641325627314027669
4.65158037660320344592
4.20466407695073780908
10.01160326820834426136
2.95672115695748353739
4.35708618230119473958
2.29828196703537662335
3.70388984717418398552
4.44581825989322240086
3.14466214401483836096
2.51135421635419641971
5.60302596817112743961
6.41143509676265848729
5.23832988651917568405
3.32425931599807658567
3.36187447713325549140
5.51293932489738181772
6.90603359389454461695
3.72873973347564176702
4.92036584005701754892
.80187280786917821509
2.20308874083637402624
1.35458480723799645013
5.09145362347532337807
2.56417628099161700361
1.56000000000000000000
5.80913935105709096984
4.11206760644812356178
2.96642882941762147377
1.39459671590033511020
.84291162051546068360
3.78837696118007770781
4.33270123594969331229
4.03759829601707653583
3.58141033672490536078
2.88149266873958921061
1.37887635413767249067
.71735625737843815088
2.74337383526197537437
2.02950732937824099891
1.72806249886976020795
2.16039348267856057240
2.79336714378901507118
3.62505172376891747985
3.68558000862822132819
1.96158099501397086715
4.27836417337280908565
3.32710084007082658787
4.61577729098794366864
1.45192975036673175815
2.35883445794739907178
1.14586212085049743998
6.16750354681697771295
2.35847408296126926084
3.63330428122941555537
4.08035537667983032264
4.37069788477767014831
2.92087315712271216729
3.63960162655200493578
3.00772339153719386702
4.60241241089931009672
.76583287994183169570
2.28070164642374913159
2.40809052985970608421
.89358827208060424499
1.05299572648705464724
3.35098492983779322755
3.72640577500625929888
3.96143913243659468952
1.44280975876932576283
1.42056326856638103065
.86267027304758797976
3.42800233372149266977
2.23988839007661272354
2.47064768836028096286
1.74163716083459817752
1.15399306757016525848
2.94090122241465294678
3.64902726764270699660
4.31627153918749648444
2.89623894041910844549
2.45609446072417988343
5.09252393219707903220
2.78650318499728257532
2.39779064974405136243
2.38518343110126437923
4.80401915066957242453
5.12096670561330636737
3.45499638205309847470
3.64008241664938130559
3.42921273764110470358
2.52915005486032797389
2.31354706025185491578
3.36573914616091423562
3.12373174264372452050
1.67179544203230797060
1.40324623641041702955
5.26463673960511733235
3.47214631028129343142
2.89641157296403578639
2.90628629009600497753
8.79105795681043158483
4.82328726077972677076
3.19408828932451396006
5.39778658340620206480
3.82281310032284994522
5.02372371851796802211
3.02360711733518711797
1.69463860454080297102
2.85581862169151071596
3.86971575183501042636
5.41755479898450127343
4.86064810493415579453
3.30511724451644831509
3.41534771289835143778
4.86753531060638531861
3.43285595386698391539
3.87893026490551902522
2.95869903842888352671
3.17499606298968503146
5.30791861278976281177
1.58243483278143242469
1.77701997737785716768
1.07004672795163482991
1.92148380164913177963
3.58421539531317788239
1.86327668369461436783
1.06962610289764338753
.22803508501982759582
3.33947600680106698681
4.48402720776758891423
2.14611276497764674192
4.01408769211635435093
2.86092642338106975651
.66633324995830727342
2.55041173146611760953
3.11772352847394087211
1.25499003980111332196
.47675989764240867829
1.75789647021660521906
3.78589487439891811901
6.70877783206449608242
5.84221704492395592134
2.15302113319865023567
1.18105884696741508300
4.11000000000000000000
3.29156497733221119530
1.13057507490657160692
2.26750964716801149930
1.64344151097628053067
1.66445186172505451645
3.39932346210242252080
3.05045898185830389309
3.80155231451574265981
4.83793344311390873437
3.82985639417459098023
1.35635541065017320923
4.19534265585065172993
2.85152590729945850162
4.54790061456932015925
1.59984374236986031972
7.35309458663493597793
6.12246682310324977721
3.28176781628438790441
2.80201713056861948943
4.28089943820221032764
2.51268780392630552521
2.47406548013588354985
1.18852850197208144193
4.54556927127945108824
2.42911506520378733581
3.73816800050506023267
1.17851601601335906494
1.81736072368696248326
.44056781543821377965
2.24608548368044086782
3.07475202252149108168
3.78737376027241335694
2.96469222685930756632
2.62653764488537266424
1.47271857460955519789
4.46391084140353322984
