1.88310913119765844334
1.06531685427388221717
.79787217021274780141
1.28050771180809371961
1.77304822269446467528
1.12472218792019925190
.28319604517012591925
.71119617546778188506
.55803225713214823079
.49779513858614569640
.97288231559629040262
2.34712590203423045944
2.60055763250884328483
1.95642531163343927945
1.14074537036097586785
.77181604025829885573
1.69475661969499325511
1.73810241355335560675
1.27361689687283907359
1.27949208672816730320
1.12969022302576381994
1.23065023463208261804
1.71154900601764833019
2.43936467138474398296
2.07716152477365129920
7.14062322210043512109
1.25383411981011268060
2.76497739592930488029
2.11556139121510723414
5.35944026928185850455
9.31281375310383838022
8.52533283807734981032
9.00296617787715561514
6.34175843122394563509
10.63786632741735479643
7.38474779528725679553
1.93458005779032055026
2.17080630181506521256
2.64491965851516934124
1.95601635984978407848
1.60782461730127767066
1.31301180497358819443
1.30851060370178124132
.63608175575157003554
.73232506443518645963
1.38206367436525875864
2.00967659089715228737
1.96453556852503945699
1.77744198217550830977
1.32465089740655820838
1.38152090103624563295
1.16335721083423039914
.77433842730423756233
.97498717940288835369
1.58700976682564874503
1.65087855398269681441
1.12205169221386587595
1.17268921714152381814
.83096329642168913307
1.19645309143317440801
.49558046773455468782
2.76262556275728397886
3.62717520944329349059
10.37359147065277484363
12.98628122289056236807
14.78183006261403344780
11.92455449901588566679
8.56217846111607276629
1.96063765137773481451
1.89306629572236587321
1.61839426593151274672
1.65287628091155086307
1.22396895385463106933
1.34059688198951141675
2.60169175729946917168
1.69189243156886306818
1.29205263050697745174
.99448479123614555154
.54046276467486638500
.49527769988159168077
.54534392817743923241
.66932802122726043838
.86492774264674849773
1.44741148261301285007
2.25224332610843804449
2.16157350094786274884
1.15004347743900534675
.74993333037010696661
.73171032519706867944
.23216373532487798943
.44687805943008658746
.62593929418115300168
1.13705760628035024811
1.07577878766965841303
2.11804154822326372606
2.39422221190932902095
2.27813520230911668338
2.46775201347299076618
3.27710237862658175453
2.79329554469268432261
2.24256549514166921242
2.61388599598375751350
2.24552889092970700972
2.55517122713919115546
2.54856822549446378363
2.45800732301594252186
1.87173716103517055752
1.01602165331256597190
.60299253726725341621
.37603191353926331341
.47895720059312189027
.11445523142259597039
.65520989003524664439
.51749396131742445676
.11747340124470730586
.52249401910452525293
.61212743771211562968
1.41654509282267467110
1.16357208629289487609
1.58874164041860500358
1.14825955254027823828
1.18122817440154211722
1.53199216708180332654
1.36403812263440789802
2.46402110380572836521
2.06063097132892768719
2.73490402025372729532
2.08530573298017861657
1.64295465549113679730
1.75559106855782334832
1.49214610544678231251
1.36601610532233477031
2.30343222170742414922
2.06634943801865225565
1.84458667456967171922
1.49986666074021393323
.91416628684282598630
.50199601592044532878
.27037011669191549172
.62561969278468209036
1.16228223766863098354
1.22694743163674294395
1.27377392028569967891
1.22004098291819689183
2.19695243462392694561
2.99901650545641378935
2.45672546288754047260
2.48811173382547271809
1.70601875722396440479
1.87291217092526792090
1.68433963320940708665
1.16764720699361928461
.52354560450833698122
.41916583830269374660
.97231682079453917056
.73396185186970037782
.60835844697020522261
.43783558557979272591
.70107060985324438288
.77388629655783413413
1.16451706728583415811
1.12249721603218241567
1.02825094213426325457
1.18338497539896119808
.54799635035281028776
.95624264703055364199
1.19741387999304567941
1.47434731322032801403
1.87376626077000329790
2.03364205306636988810
2.03659028771130105279
2.38698554666759555559
3.94031724611102855802
5.76134532900085759127
3.28922483269234728669
2.73954375763556658689
3.01784691460650468826
3.11680926589998445480
5.38067839589024313208
4.44339959940584231943
7.78025706516179322572
7.41479601877219546212
2.75118156434649001883
5.16069762725932238859
8.55853959504774389169
4.53907479559436209121
3.74850636920894133352
6.10610350387217068831
4.61550647275030912181
3.26915891323747062658
4.94907061982348358568
4.68928565988466947010
2.08233042526876603287
2.11385903030452813589
5.20981765515838375584
9.04340643784188215670
1.56131354954730345477
2.50237886819722005100
7.20873775358765565352
12.75631608263138014031
