2.28790296997053614122
3.62973828257630718121
3.83627423420172088197
2.72055141469519006037
1.87693899741041131152
1.23559702168627777896
1.45344418537486330266
2.76862781897459088577
3.67623448653646140075
1.07916634491629695188
3.52886667359366242180
4.26920367281768368901
3.21538489142435325961
3.06130691045507555787
4.82116168573508847426
3.84563388793057106324
2.24913316635542947568
1.23850716590579321524
1.56620560591513654561
3.52303846132851635094
4.07671436330778514355
1.79744262773530549202
2.93397341501248098817
5.97293897507751204046
5.88395275303940556718
5.32598347725563264350
3.94123077223346565101
7.06706445421293720352
2.28917015531829787133
5.92259233781964770474
4.12565146370848927532
2.26249861878410878290
1.62299106590270545456
2.67168486165565567438
2.56745009688601347895
3.88574317216153646296
4.75011578806243416818
2.32746643369995778764
1.94118520497143703117
1.61412515004258576232
5.64515721658839188081
4.21005938200401159139
1.32517923316055628566
1.38639821119330646660
2.13534540531502771676
2.83848551167695763526
2.59771053044791732429
3.82342778145475110790
1.75231275747224987210
1.27945300812495649859
2.63683522427928742200
1.53896068825685082864
1.80363521810814062402
2.45833276836151700026
2.85008771794834412952
2.51793566240283431114
2.60026921683121111397
3.57184826105477218661
4.79517465792435969326
4.84206567489537465071
3.97695863694859164925
6.12204214294544039118
3.33327166609623944704
5.17734487937591424270
1.06794194598770208619
4.24822315798028670366
2.51067719948224327678
4.69008528707101444752
5.53416660392511132431
5.81523860215554697922
5.99347144816758095149
4.48247699380599163828
3.86168357067225278889
2.83211934776767485011
2.92448286026777732592
1.98489294421638770658
5.20362373735841896141
3.76968168417440784848
2.60082679161838841589
1.38401589586247166050
2.75699111351487674685
1.29375422704623462034
2.13866780964225484365
4.59361513407468649679
2.91900668036234545373
3.47420494501979546071
2.30529824534700932479
2.62535711856501533740
3.04455251227499769659
3.58054465130655785821
3.33223648620562343184
3.46251353787967159768
2.23546415761917328040
.96958754117408088733
1.75479343513702489574
2.35764713220617474149
1.90719689597062840857
1.80679273852868912840
4.26821976941206718833
4.47107369655209329116
2.56474170239421965850
2.23452455793173148110
1.91966142848159555346
1.61362944940900232691
5.90638637408695097636
6.49648366426022809251
2.44532206467777982138
1.57184604844113152734
1.09361784915938529134
1.95020511741713979125
3.79290126420396026633
3.91189212530202575881
3.03660995190360265011
3.38081351156788889215
2.40462055218697654713
1.47200543477257583119
3.60026387921774422815
4.34406491664201537631
3.73135364177666762200
2.43987704608244552418
1.62843483136415379242
1.73551145199333098494
1.06037729134492502107
3.39902927318962641498
7.57414681663882192797
2.42064041113090566366
9.09022551975472168483
2.42705582960095913818
1.88183421161376487501
1.09754270987511005379
2.64223390334769567311
.89593526551866457937
3.32398856797071430601
2.92788319439147025546
3.74973332385117755323
2.53009881229963032445
3.82860287833564686620
2.77454500774451305349
1.55656673483664040429
1.46013697987551839142
2.45920718931935460459
4.34613621507655924044
2.33692105129805358600
3.81015747706049546164
4.58750476838989236597
1.20822183393613608376
3.95177175454251153034
5.23253284748409391196
3.44247004344264410622
3.17808118209714712127
2.87287312633189563900
3.03522651543505068925
1.92369436241831306147
1.48640505919483468367
3.41249175823180560542
3.54351520386183753142
2.87878446570770560006
3.49138940824423078274
2.35953385226828224881
1.03140680626026508687
.73844431069648034766
3.20962614645382025059
3.61231227885962262358
1.90005263084999832327
3.21547819149811681629
1.54201167310756762636
2.93543863843208277682
1.70144056610861373925
2.93003412949405761695
3.38118322484895810770
5.18112922054642447227
1.25099960031968035797
6.65740189563466267380
3.24853813276064222961
6.91018089488256450520
2.31062762036638002272
2.77627448210727175570
9.65919768924935090025
2.80249888492395300720
4.10600779346557012839
1.86123614837021688444
4.78223796982124259491
5.85697020651462764464
4.46193904037247017160
.37960505792204613352
4.77153015289644795512
5.24789481601908633376
2.17223387322820283839
5.68655431698317641243
5.57991039354576015757
3.20939246587262991910
3.00492928369371115222
3.43483624063797253979
1.36619910701185864887
1.68991124027269550557
3.43316180801313237491
4.35505453467577142807
3.04047693627167644068
.81608823052412660070
2.61763251813542383644
