8.03774222030042463839
2.14562345251910406125
2.12461761265409828099
4.02397813115329939661
3.02646658663200839905
2.83049465641608304379
2.37573146630674570437
2.78831490330629621300
3.56209208190916928744
4.10845469732842496630
3.52922087719088503070
4.04132404046000745832
2.17322341235318003832
2.21533293208944104298
2.00134954468228762729
3.19770230008986296191
2.95874973595267093857
2.66720827833148418338
.49050993873722885045
4.93316328535758078245
6.82900431981119777648
5.54534940287805489693
3.39050143784072151807
3.31283866193329734872
3.38515878504982392207
2.29270582500241404171
5.17383803380043971781
2.93451869988930211962
2.24064722792321772483
2.00252340810288657159
2.27789376398461567938
2.83330196061062294956
3.16684385469192339211
3.96968512605219105682
2.13623500579875340643
7.82046034450658153837
7.86121491882775076187
3.74702548696963095530
2.42744721878767118951
1.89575842342847048735
1.74988571055369213218
1.66709327873397654101
3.61769263481573293262
2.53458083319510644483
2.49569629562573178091
2.15009302124349959483
1.22543869695713461258
2.91482417994636513547
4.80674526056873540243
5.12473413944567469793
4.76883633604677190330
2.82393342697734289204
.85609578903297965001
.55244909267732533764
.22472205054244231864
1.05114223585583316622
1.93540693395471744134
2.24127196029397556910
1.85137786526683957759
3.46436141301683476651
5.32899615312302510203
5.69346116171876595334
2.74162360655141718890
2.96197569200018925476
8.49479840843795421494
1.93157966441977225533
2.77821885387022740937
1.92494155755441053338
1.00826583796139795623
1.84469509675718496500
3.62361697755157339973
2.68903328354261915037
3.08350449975348665778
3.60068049124050994294
3.36576885718553168741
2.94730385267620481221
3.66203495341046683461
2.47115357677340644881
2.47117381015581338246
2.02239956487337091198
2.18910940795566451286
3.27232333365760175150
2.37088591037190146780
3.32051200871190947722
6.72037201351234721957
5.29008506547862611967
1.65807116855700738645
2.52461878310369860877
4.28516044040360290452
4.55241694048337360766
2.72954208613825919883
2.27791571398065560646
2.37541575308407854298
1.50316333111209175744
1.72273039097822849083
1.81708557861208066988
3.22840517903190088411
3.13896479750888573102
5.09530175750170855374
5.35721942802420591684
4.21778377824183870289
3.64365201411989945810
3.01981787530307860451
2.83904913659485647162
7.07963982134684589068
4.74609313014399244415
1.91650723974630474131
2.05839743489929563213
2.45460791166328639779
3.80134186834070476503
5.08042321071778428666
1.46017122283655487743
2.27028632555455436324
1.73565549577097816419
1.99594589105015569808
2.29277124894743915226
2.61091937830335925522
2.67776025812618258747
3.13488436788344714856
1.11955348242055859365
1.35558105622644343590
2.29610539827770101429
1.17660528640661818165
1.83602832222163718996
1.05214067500501091500
2.29490740553949147780
1.10131739294356011727
1.57588070614497974441
1.92473374782072130632
2.61499521988090831003
3.47109492811706317931
2.65380858390351884097
3.06962538430994865917
2.34480276356029570421
5.75654410215017808995
7.38285175254115474373
3.68815672118200530244
1.62588437473271757868
1.61922821121668949261
2.25324210860706222511
1.70557908054713194526
1.88647820024510222273
1.09749715261589631151
2.69024162483595513934
4.27609635064506000894
3.94918979032408620957
2.38625229177469832765
.89207622992656855120
2.65007547062343113187
1.97977271422757011387
3.28764353298833175065
2.32490860035400101317
2.14536710145373488711
2.93404158116411158676
1.99972498109114994373
1.18953772533703192342
2.28186327373048361615
1.37025545063685114319
2.16928559668845817006
2.76631523872461072050
1.01557865278864541521
.88328930707894341632
2.57085588860986138318
3.51451276850717957382
3.33054049667617763377
2.06094638455249485415
2.27481867409250885110
3.21796519558555822488
1.96372095777378716654
.73518705102851206297
4.28569714282285700571
2.68722905610965735553
6.49562160227949238875
1.98690714428228879927
2.92128396428693662180
4.98271010595639609502
4.75266241174354819122
3.59580310918159143859
3.91359170072709552193
5.44607197895877979186
4.38462085019902262472
8.29711395606930301729
5.74656419088832592499
7.43498486884808663360
4.56925595693653388489
1.83847763108502356344
5.86820245049538146896
3.59952774680234962624
6.06131998825338374001
9.29323409798763220631
1.29359962894243286807
4.57060171093478675689
3.81350232725771389426
2.03889676050554359597
2.04110264318088618754
4.42872442132043253193
2.08002403832263438579
2.37126548492571788624
3.94214408666147057157
3.86277102608994932903
