6.10393315821855965382
2.05302216256912336333
3.67336358124267356057
1.45965749407181135466
2.69814751264640829311
3.04082225721925417506
4.39354071336547420869
2.47554034505600413169
4.28330479886734187101
3.89998717946610691162
5.43897968372745440980
4.50209951022853336486
2.67755485471353135450
4.74776789660151773514
6.30435563717657032369
2.57077809232924653068
2.46245812147130737757
1.53528498983087827230
1.67098773185203247918
.76085478246509037764
.41809089920733744667
2.53055329918182122449
1.51871656341794073422
4.04065588735294310016
4.19126472559298024591
1.87752496654505236435
4.02118141843911339836
3.81115468067093807900
2.66056385001375225405
4.15636860733020165081
3.53373739827961749464
1.19117588961496362214
3.96335716281033647647
2.73327642217174953627
3.79034299239527925865
2.42742662093007458226
3.46117032230429249645
3.46711695793493531232
3.10088696988458449035
2.06654300705308332569
4.05124672168950974147
4.76556397501911624478
3.53419014768588816516
1.19163752878129849540
2.03602554011485818591
3.19363429340305024223
3.90049996795282642904
3.30873087451971530092
2.30588377851096389554
2.71475597430045266306
.99869915389971168233
1.58196080861695179986
2.40312296813958315594
1.05475115548644932498
1.92153584405808053612
1.90433715502271288326
1.75553410676067470130
3.08930412876427561349
4.86416488207379746507
3.33835288727839555820
4.66940038977168887630
2.27198151400930196917
2.28842740763171248993
3.58203852575596958779
5.41817312384903404352
6.76881821295268646986
6.70571398137439202246
1.94694632694381177180
2.64594028655221166916
2.64488184991314876692
1.99612123880289395612
.75451971478550512424
1.23203084376974913460
2.41565726045728598099
1.47271857460955519789
1.08046286377644650633
2.31650598963179890155
2.67480840435347817455
2.94452033445177620495
.70064256222413436820
1.60601992515659655498
2.91338291338437007728
2.67389229401634650060
3.29387310016642869453
3.54413600190511876468
2.40836043814043748296
5.40276780918817572685
2.42555148368365910469
2.29333817828945585275
3.93737222014886471667
2.11863163386181883942
1.42537714307477233377
2.02395652127213444248
1.69758652209541296181
1.41770942015633090735
.62489999199871974394
1.77479576289780453149
1.68588255818725403883
3.40402702691973349143
4.13266257998399864525
4.94091084720216339181
3.54633613748048423769
2.09470761682865897770
.24351591323771840927
4.04901222522234427496
5.60037498744503714861
4.84059913647060842839
4.68160228981488772511
5.55307122230572511860
3.20020311855357081176
3.77064981137203988960
3.49644104769406915850
3.51438472566678447883
3.74276635658706326359
4.34028800887683028421
4.83584532424270162367
3.40318968028524675120
5.27398331434599819402
6.88606564011700370605
2.87822862191313774031
1.58628496809369028326
2.08657614287137865761
2.95602774005928435570
5.89695684230434231859
6.86652022497567540660
4.26878202769829886286
2.45454680134643185417
1.96992385639648518877
.78262379212492639374
3.83465774222420011792
4.01710094471124785550
3.48353268967007111678
2.46981780704569380590
.70837842993699349371
4.57602447545902009459
2.09062191703808558345
1.24747745470609608127
2.10762899961069998558
2.77267019315316332124
1.37589970564718124733
2.78600071787499724613
.68840395117982871728
1.80499307477895881261
3.27679721679569301968
5.16807507685405050172
6.52545783834360545016
3.19307062245732360187
2.73263608993221049422
3.25947848589310372824
6.04316142428778746585
4.11585957000478819786
4.73584205817719389872
2.56844310818830480086
3.28269706186848743156
4.14311477031472059605
2.17864636873449473546
2.87911444718684290096
3.02646658663200839905
4.09243203975337872683
3.23720558506870242919
2.39509916287405520023
3.54788669492135839261
2.65994360842481019691
2.36959912221455720221
5.74979999652161814218
4.71862268040155971952
3.85271332958993978664
5.04092253461605973923
2.06596224554080368121
7.53889249160644285148
2.33899551089778708023
5.17043518477893696146
6.04643696733869871903
1.67388769037830014146
3.06480015661706725905
4.66724758289079839124
.29342801502242419661
1.37873130087047780783
3.07105844946005545737
7.02917491601966041159
3.66357748655600295329
1.38018114753100435182
2.01957916408344835151
1.32404682696647855378
3.70455125487554835099
3.04031248393976766238
4.58734127790815232256
2.66782683096185986312
4.36909601634022229461
5.17028045660967989234
5.34154472039690031836
3.02588829932633170886
4.97499748743655145979
3.26217718709453303662
3.28537669073121659292
2.02802859940386442273
4.27440054276620173648
5.12021483924258787541
2.93262680885243221565
3.95588169691663049358
