.80112421009478923373
1.24655525348858884827
2.69083630122681376018
2.23868264834478046659
.50249378105604451351
.96524608261313342664
2.03980391214449826586
2.44235542049063776306
4.14455063909225266447
2.64491965851516934124
1.84143965418364986397
2.10478027356776602796
1.43982637842206516507
3.79453554470109029179
2.39171486594869832531
1.01788997440784335490
2.86987804618941952698
2.20156762330844609466
3.81871706205107581285
4.29464783189495061535
1.36477104306912959941
1.61000000000000000000
2.61860649964823848101
4.26159594518297804333
2.83480158035796219640
2.50673093889232555584
2.59759504157210771343
4.26486811050470821004
3.08025972930855296730
3.99766181661230568879
2.58034881362966119429
2.95726224741736423499
.45891175622335063470
4.08897297618851963965
3.38289816577442957470
2.52146782648520026679
5.46393631002412033056
3.75418433218189221082
3.92353157244847463964
1.05228323183447145529
3.68054343813518929646
3.80052627934605919888
7.16816573469112808012
3.81625470848055423660
8.00393028455395780754
2.20297526086880966589
4.20057138970402453985
3.04940977895723289752
3.43233156906497015658
3.38620731792960367171
2.59401233613103698362
1.95994897892776790517
3.48359010217907238788
2.83811557199491085136
2.57553877858594860645
2.09859476793400969347
3.89228724530962642569
2.22753226688189637097
6.15065037211513104552
7.90459360119165139613
5.79508412363444470472
7.62009186296333306874
3.06473489881261997548
4.62301849444710744388
4.24160347038711293064
2.24599643810937509687
3.12200256245890996225
1.48761554173112886310
2.77398630133603940261
1.74410435467606123398
2.28788111579251425054
1.56160174180230728890
2.10660864899012507590
4.26254618743304645496
3.61366849614072928730
4.10995133791143566138
3.43355500902490274927
3.72550667695012996067
2.92658504062328590315
2.75290755384193749718
1.64642035944651753446
4.11117987930472339238
3.04016446923517609878
2.19865868201501435319
4.04971603942794981739
3.34899985070169867274
7.72922376438928050782
2.23850396470499913206
5.22063214563140811222
2.82531414182564838553
3.30700771090724854995
2.00354685495498207976
2.60802607348929700074
3.32301068310049223049
6.88247775150780999602
5.06479022270419409322
4.21065315598423518500
5.08134824628267335211
3.52197387838126931216
2.39039745649128400339
1.25423283324907421273
.58940648113165501566
.44485952839070447407
3.30493570285414176013
3.51461235415799447735
5.27221964641079801057
2.32312289816961685424
6.18108404731726649897
3.65820994476806921273
2.05681793068808110291
2.32555369750947698902
4.33844442167927282069
1.72432595526483913098
2.62971481343509946772
3.53567532446066093819
1.21909802723160863951
3.12030447232317378544
4.41693332528350488796
2.35174403369074160812
.99689518004652826187
3.08956307590571777275
6.10765093960026500792
1.45910931735768173731
1.82882475923747270334
1.47017005819054824063
2.32866914781812661005
5.61120307955433029878
5.49659894844075375897
3.37344038038320754313
5.30936907739516635686
5.20822426552467112557
4.59438788088250119613
2.54674301805266563491
3.13625572936901942297
2.42305592176491048479
2.30958870797378120537
1.80704178147601224743
3.32276992883949158927
3.21082543904211647193
2.59615099714943391040
2.00387125334937623581
2.84100334389102752425
2.01943061282134672902
1.86678868648810918381
1.55553849196990300642
2.90778266037886676163
6.10830582076568920049
1.90178863178850661674
3.94248652502453075917
2.40676130931174809759
4.39459895781173643148
4.08374827823655164133
4.49682109939899654887
5.78689035665961101679
2.97028618149834175199
1.56092921043844906323
1.80072207739006743150
1.73358011063809797044
2.04413796011913051112
2.71001845012169612719
3.70528001640901628631
3.61881195974590533849
3.84837628097877144163
2.08434642034379688187
1.56553505230639917473
2.98882920221279957969
2.86993031274280247112
7.47027442601675778624
4.58342666571638298749
6.36247593315683984756
3.75386467523804059678
2.37042190337500889369
.93397002093214962035
2.47768036679471631962
2.39891642205392391198
4.79981249633774756686
4.69631770645896570820
5.23313481576769623356
1.79438011580601282586
2.96656366862401926773
1.32310241478125947829
2.66058264295623788465
2.99614752640787032391
2.79948209495970879302
1.47003401321193925631
2.05885890725906713357
7.04017045248195677519
1.11198021565133972486
3.54074850843716377043
4.97956825437708002906
4.72074146718500143708
2.63060829467254588446
2.91013745379835967637
3.12488399784696007841
3.18361429824656994362
4.10054874376588773162
2.35416651917403667760
2.71913589215397618383
2.82039004394782247642
1.12160599142479619691
