2.84919286816459654004
3.48064649167363734448
3.32332664659975908303
1.41343553089626270368
1.79008379692125027625
1.47302410027806401807
1.38289551304500225426
2.48408937037297432255
2.09062191703808558345
1.57006369297554295110
1.70894704423513369438
1.61731258574216258400
1.87757822739826209351
1.20888378266895449324
2.45542257055684816395
3.11905434386770504053
4.34140530243376378543
3.06781681330551417264
1.58710428138796223209
2.33965809467964784506
1.58675770046973460402
1.27239930839339896271
4.48411641240501248430
1.83545634652529941339
10.46268607958778432544
8.18997557993917342058
3.76988063471510991553
5.09631239230877604175
10.24201640303314491816
1.85868232896318245488
1.78418048414391081748
6.30258677052525790927
4.80052080507938221767
5.70180673120371557197
5.74088843298665751034
9.25795333753632612248
6.68091311124459992404
1.22139264775910617072
2.32770273016122056530
2.37981091685873228746
2.46195044629253250938
2.35495222881484370886
2.70033331275974151731
1.66688331925183053587
1.48226178524577769673
2.43792944934836044980
2.02202868426736221708
1.92709626121789775008
1.94756257922563299593
3.90763355497927927187
2.46888638863759788034
1.97253643819322131172
2.03051717549987742033
2.09196080269205809036
2.29741158698218460952
2.14070081982513380827
1.83613724977192268713
1.50923821844001816942
3.44422705407178404272
3.00567796012813055993
3.91975764556942984477
1.67547008329005982284
8.83056623326046969070
6.41176262817019763071
3.31727297640697636935
1.01291658096804793098
4.27973129997667026432
3.88826439430242449144
4.83186299474643630959
4.34610170152517254689
2.69586720741211583884
3.12637169895071817578
3.54990140708161076668
3.18940433310046156649
4.50495282994172981163
.61919302321650879531
1.85924715947073588637
1.84124957569580990249
1.02615788258922418122
.93450521667885835296
1.06752049160660143273
1.68267643948561899390
1.57187785785028475284
.87601369852303108833
1.86362549885968237682
1.40744449268878806466
1.77380945989133793434
1.46570802003673296404
3.89567709134111884234
3.53113296266226712586
2.16536371078855941928
1.68433963320940708665
.64451532177288074149
.87344146913230539605
.57341084747325804317
2.37446836154959116776
.78345389143203571173
.87229582138171451864
.73844431069648034766
1.41449637680695386078
1.54874142451217465974
.97262531326302627748
1.43258507600770433266
.95843622636041882867
.73396185186970037782
5.26013307816446788420
2.23053805168170130457
1.19335661057372116942
.87982952894296517808
.94799789029301114790
.59160797830996160425
.97657564991146487217
1.56044865343272349532
.73252986287249750593
.92509458975825817981
2.30681598745977135643
2.91125402532997796798
4.81467548231446228174
5.78516205477426535331
5.52887872900102593668
2.81232999486191164863
3.07780766130698946897
4.88831259229603687176
3.00356454899840632674
2.90747312971246563161
2.90630349413133383446
3.92147931270840698285
4.84988659661233728521
4.16016826582771769500
4.44937074202633736876
4.00327366039345354170
4.13136781223846008702
4.86983572618214710144
7.38794964790637971494
4.33039259190203215459
3.39701339414492153103
4.24173313634886748045
1.86785973777476128776
.54497706373754849977
.93000000000000000000
.49739320461783552597
1.60252925090308414001
3.82922968754813661935
3.85648803965473228848
3.60717340864006702940
3.42057012791727455324
1.62006172721905877384
3.25818968140284920398
2.83411361804709586699
1.73323397151105943813
1.94164878389475989185
2.46292509021285501215
1.33693679730943152763
1.56092921043844906323
1.73925271309260863259
1.57232312200768707006
1.92403222426236926059
2.17152020483347103486
1.71128606609181505367
1.49853261559433533738
1.97694208311725713033
2.33910239194439711897
1.51835437233868431337
1.78742832024112228454
1.60240444332883700350
2.98839421763595306284
3.27955789703429385881
1.09517121949035895946
1.88517903659042421466
3.53050987819040098490
3.97710950314421189435
3.61813487863567629050
3.62146379244636380777
3.32097877138653206417
2.27255362973022047007
4.11951453450524919980
6.81215090848698095692
6.79052280756054894203
7.27398790210706908074
6.16731708281648187870
3.38746217691061459916
6.70790578347668803928
2.59129311348600623721
5.95770089883673163238
3.12456396958039570875
4.86519269916413485526
7.30229416005682422412
7.79780738413049030604
5.89761816329270337070
2.32770273016122056530
2.64852789300018511245
4.37591133365382530347
4.87565380231205505143
1.35955875194858717808
3.08624367152044558064
3.45563308237434258997
2.62528093734746796146
3.84708980919343758436
4.04244975231603837433
2.37037971641676009343
