2.59769128265850713271
4.52806802069050195049
5.78928320260807417343
3.03996710508518496370
1.90803563908015093448
3.10088696988458449035
2.23816889443133848589
.83540409383722797267
1.28642916633602489228
.97144222679477959781
1.72238207143479056825
.83174515327713211748
2.19765784416045984271
2.29512526891235285358
2.80046424722759137030
2.12365251394855085882
2.53609936713844081192
2.69796219395305834222
3.73680344679781090570
2.52586618806301771992
5.29854697063260919810
5.17017407830722852538
3.95506005011301945971
4.51639236559446858694
2.60303668817786738470
3.04658825573788359274
6.24197084261052920852
11.92532179859310966342
2.64395537027386300017
4.02269809953468916792
3.92788747292994634739
6.81813757561403273859
6.96455310841980729022
4.45164014718171037387
5.24690384893796200390
5.33594415263128480206
4.45443599123390704492
5.92784952575552477645
4.73466999906012457036
4.58311029760358265807
3.56831893193419581700
2.87376060241628338737
3.31668509207612292424
3.08408819588545489442
1.99313822902477087578
1.97185192141803589338
1.95235754922094124085
1.64899969678590299005
2.63509013128583516388
1.88602757137853104080
2.36848052556908307799
2.84634853803957044490
2.29958691942705222894
1.47112202077190048429
2.19383226341486736737
3.07779141593448466749
3.78644952429053251733
2.25752076402410970161
2.09573376171688373170
2.69775832868698600186
5.15804226427042763137
6.57578132239812244807
9.29988171967794437711
7.68075517120549807204
4.58193190695802462183
6.09357858733273415391
1.76521953308929821619
1.85483152873785278450
4.93726645017260537963
2.20510770711999462640
2.73327642217174953627
1.46635602770950547895
1.58675770046973460402
2.08341066523141327611
2.34957442955101977761
.76980517015670919693
.99679486355016898231
1.10535062310562796371
1.38426876003180827399
1.54983870128474982536
1.66261841683532424414
1.12867178577299432731
3.18945136347930535424
3.80395846454716169262
5.35628602671664650526
4.47256078773670777707
3.06391905898311876407
3.03749897119324140850
3.24903062466330101534
4.45865450556555233972
4.47890611645298946201
4.68765399747037643921
3.47680888171898226356
2.63929914939553602698
1.42895066394889925184
2.36108026123636889803
2.34797785338788917632
1.09261155036911448531
1.03315052146335385760
1.85504716921160794509
1.06273232754066534042
2.62032440739691618817
3.33505622141516528887
.97724101428460318178
4.79168028983570647406
4.65454616477267308669
1.34450734471775943511
.97642203989873149524
.46238512086787567822
1.09585582993384672689
.65886265640116529524
1.20070812439993092602
.96710909415639350609
1.20867696263310983981
1.28576825283563445121
.17492855684535901412
1.19323090808108050784
1.44696233537711685662
2.16566387050253022408
2.84517134809135880275
1.77259696490770287000
1.50821086058946015003
1.71000000000000000000
2.62408079143916603610
2.62324226864390091163
3.05975489214414035880
3.83067879102385717114
2.34036321967339078245
1.23130012588320642955
.98392072851424367173
1.09201648339207774066
1.37473633835728660424
3.17271177386159677610
4.10928217575770768582
1.55180540017103948728
1.08189648303338152592
1.25940462123973485124
1.89647040578016929939
1.67720004769854451611
1.19636950813701366249
1.36941593389298636421
1.41866134084213347185
1.95379118638609893796
2.93497870520383844232
4.14325958636433978383
2.06830848762944450669
3.30045451415407329500
1.71455533593990485705
.84935269470344297012
1.14656007256488746089
1.18084715353004090645
1.58496056733282799990
1.05759160359753234947
1.57012738336734959320
1.57651514423426963792
1.35262707351287331831
1.70047052311999810213
1.96430649339658804682
1.11009008643442987914
2.25800797164226149682
2.76170237353701819930
4.58504089403791468517
6.30035713273461983039
3.47742720987801554874
4.29691749978982026068
3.92356980312571984704
1.91606367326349569827
3.63276754004436678048
3.88890730154371254846
1.37116738584317268613
4.50549664299064815095
4.80580898496808755550
6.59773445964597759818
5.79310797413616312099
1.22004098291819689183
2.32262782210150922836
7.54026524732386320844
4.67732829722267838161
4.27769797905368723566
6.80327862137072848547
3.34103277445762270690
5.29824499244797097368
5.74924342848691700794
4.79207679404243270522
5.38832070315047227887
4.80479968364967323535
2.83508377301271293492
6.03208919032203965968
4.96500755286434584493
3.16376358155915310169
5.22446169475860929103
3.53844598658789759969
6.18639636622161480462
3.29796907201993026816
4.31373388145351404916
1.89124297751505213619
1.77203273107468305589
1.61356747612239631433
4.91178175410919494571
4.61222289140496764869
