5.88735934014563102920
1.26479247309588303068
2.97376865273679283903
2.99280804596619594158
2.67254560297855347933
3.80998687661781848295
.74222638056054030286
2.14149480503689291578
4.22507988090166172185
4.12841373895592010103
2.87833285080096322066
3.49631234302657805321
6.19694279463672312508
5.57492600847760131059
5.83751659526549012105
5.59301349900033765330
3.85714920634398067357
2.55101940408143504971
3.11599101410771080548
4.22830935481310307591
2.11466309373384582176
1.49596122944413235217
1.79312576246062562671
4.42785501117640481396
5.21761439740423899409
2.25541570447667141360
4.29638219901349093186
2.21128921672403585209
3.59189365098689969551
5.51988224512081416919
2.53824742686760149505
.88690472994566896717
2.62918238241473084765
5.86219242263506734167
1.36191042289865745780
2.59154394136005342015
2.59308696344723464039
1.39506272260425624204
4.96892342464642938473
2.99269109665531634534
5.14566808101727447594
1.78418048414391081748
3.15521790055774119430
3.12590786812407508614
1.61697247966686186269
2.30221632345876654806
3.07369484497078857302
1.27886668578081272966
5.75087819380657722516
5.11390261933095476107
3.31549393002008073349
2.46797487831622791824
.88543774484714621295
2.20728339820694524246
2.35836807983825968335
4.02246193269743697645
3.00988371868416205764
3.19571588223984642761
2.35263681855062363554
4.44707769214795706609
.57965506984757754294
4.42056557467480624635
2.76815823247154713657
1.74203903515391985030
2.84286826989925792446
.99267315869826962900
3.28062494046484990749
4.26708331299026782899
3.77598993642726754553
2.78470824324560076524
2.22396043130267944972
3.88919014706146760288
1.58376134565786141994
3.27614102260571194722
8.14003071247277297396
5.52507918495291793949
3.67409852889113467770
2.02635140091742231854
2.00885539549266711274
1.47424556977458813050
1.17038455218786957466
1.86941167215784763324
2.65169756948261352815
6.11834945062800413431
4.32710064592909601992
4.58054581900454304362
1.67970235458547833756
1.44851648247439697540
3.85870444579524644370
1.65272502250071835717
2.33837550449024332914
1.09119200876839269492
1.51003311221972877636
1.03469802357982688861
2.85455775909334158983
2.31613902864227906434
1.07391806018895128738
1.81958786542447573006
4.40264693110860298974
3.26530243622240909263
.76713753656042669230
2.69892571220476537220
4.12555450818432406274
2.57071974357377198714
4.59809743263450214592
5.54294145738523924381
2.74098522433084268532
3.54289429704020382307
1.63798656893150378481
3.35477271957430821123
3.68614975279084395475
1.97772596686194116421
1.18067777145163531701
3.58164766553048877641
4.60979392164118330015
.43324358044868939523
1.85315946426636474710
4.54917574951770796058
6.22213789625398771585
4.21439200834473868714
4.62226135133010409485
5.29890554737485389724
5.06451379699966855564
4.04786363406674064307
3.82146568740319844311
8.53073267662279990636
2.66326866838477262930
1.74745529270422251910
4.66537243958078870974
3.17275905167726217614
2.00414570328606597544
3.03907880779686264456
3.42983964639748136432
5.69050964325692009454
4.86164581186248079398
3.12368372278628746578
3.19534035745802828865
2.82704793026223734733
3.77907396064168079943
3.06807757398668132176
3.70681804247254629119
2.55605164267078140738
1.05503554442492599842
2.36807939056105127026
4.72722963267070409829
1.62594587855807795949
2.94896592045415133176
3.14518679890400150458
1.38542412278695364139
2.93613691778840586138
1.72420996401250390175
3.03371059924970430591
5.32347630782743316981
6.68474382456051938720
4.30352181358477605660
2.78066538799618966307
1.61799258341934311846
2.03757208461443149994
1.34063417829025976238
1.83872238252543170590
5.59178862261441352491
3.66881452243091732995
4.63252630861390791519
3.64377551449043029544
1.91960933525548369583
1.43255017364139815317
2.16104141561424037415
2.65772459069783978247
3.64116739521818743861
7.09527307437846256710
3.35967260309691485866
5.22396401212718922382
4.26079804731461075616
3.69024389437879837270
4.46674378042887076005
4.28291956496967147980
3.26767501444069556970
4.36104345311990671524
4.83576260790374200105
2.68732208713432785643
1.72586210341382720796
3.10293409533621902866
4.06678005306409458886
.53160135440008051205
1.76334908625603682535
1.14773690364996106105
1.40620055468627944927
2.13862105105135444610
2.98981604785311164802
4.80009374908449053720
2.83742841319389060635
2.07848502520465612326
2.10040472290461201962
3.33742415644161118365
3.15255451975061011790
2.92118126791200686009
1.71976742613645290545
4.35387184009819012035
4.68556293309565953160
4.44374841772123728764
