2.94171718559075627534
2.40006249918621910873
1.15021737076084883825
.90448880590088012431
1.44225517853117795626
.79063265806567843798
.64784257346982067569
1.01980390271855696600
1.52082214607757471332
1.50103297765238988769
1.15017389989514194331
1.42846070999520319323
2.01598611106326821340
.90691785736085271991
2.88783656047221619768
.62305697973780857083
.98386991009990746642
2.34797785338788917632
2.22802603216389731661
1.79902751507585341878
2.11324395184275873512
2.67338736437501701602
3.67626168818271151103
6.12328343293040780340
5.36680538123006655390
4.47035792750423956474
3.00576113488746806638
5.49765404513597963447
7.50509826717811870117
3.29748388927072697532
4.56015350618814146954
3.05923192974968800419
3.87015503565425657742
2.84726184254276129264
6.09708946957480688731
2.58636810991784384860
2.68121241232394715318
1.75781113888836192003
1.63122653239824418937
1.62696035600133785189
1.21577136008379470297
1.08231233939191509154
1.70631181206718486456
1.19411054764623865623
1.92265441512508950418
1.98680648277581377535
1.60567742713161412867
1.70208695430051399004
1.81433183293464814851
2.54727305171628587226
2.18949765928169012052
2.16215170605579848151
1.13586971083835138948
1.06569226327303324380
1.49335193440796131711
.59110066824526598567
.54074023338383098345
1.23020323524204731299
1.13881517376613840058
3.71188631291423040533
2.12859108332248728322
2.86729838000861012588
7.74351987147963610105
4.33370511225671652759
10.01843800200410483131
5.36807227969221740806
7.72492718412283806039
10.62908274499733114200
6.90746697422434297084
8.53044547488582216305
5.55242289455693387209
3.22350740653717127456
2.50091983078226639903
2.87711661216572867641
4.06179763159121456494
3.54398081258914267276
1.54538021211609927874
.78593892892514237642
.65215028942721477565
1.18093183545876177721
1.24040316026685452813
1.49916643505649498649
.86098780479168228460
1.45006896387723573676
2.18517733834121572879
2.54108244651762529151
1.93778223750761014142
2.14079424513426791862
4.29428690238554042515
3.36078859793352667224
3.02557432564463701029
3.05409561081509037946
2.72003676445742181442
2.48895560426456783355
3.07631272792608001457
1.89768279751912173990
2.06031550981882384120
2.03887223729197901891
1.28844867961436477231
.94042543564069979912
1.06155546251714987819
1.31244047484066872631
1.88578895956042758883
1.26905476635171265566
1.38751576567619583931
1.82441771532727668808
2.23544179078767336173
1.03058235963944191702
1.02888288935135858833
1.10317722964172896311
1.38603751752973844239
1.14319727081549665498
1.01262036321614627107
1.08337435819757151939
1.36194713553794003344
1.45519758108649974487
1.31468627436358367116
.76772390870676940251
1.98708328964842336827
1.77005649627349465571
1.34264664003601483708
2.06380716153423597911
2.63070332800945078364
2.62101125522192292626
3.01181008697427667008
1.46874095741897250327
2.67600448430117545645
2.05611283737055637303
.92913938674452930544
3.33300165016460800431
4.08346666448986699696
4.28707359395660479953
3.36685313014987334775
3.57071421427142499899
3.13266659572958705241
2.37516315229080631676
3.39568844271673428210
.74946647690206931629
.77903786814249280111
.43116122274620198038
.48041648597857255464
.97144222679477959781
2.16933169432431425027
2.52683596618379642692
1.95102537143933625474
1.64714905215041179648
1.23004064973479636625
1.29591666398731056675
1.16571866245676962654
.70753091805234914412
1.39907112042240368731
.78917678627795432639
.61212743771211562968
.50842895275544645166
.68687699044297589573
.63780874876407896447
.41868842830916643330
1.11516814875605194537
1.10819673343680272734
.85480992039166227729
.95765338197074206333
.70547856097829082080
.88283633817372968395
.81510735489259327379
.44395945760846226171
.48795491595023407449
.81639451247543304392
1.73890770312860481042
.63851389961378287915
.90216406490172285070
2.27248762372867500728
5.21521811624403682524
4.26409427663132232487
10.15395981871112192358
1.66309951596409287151
1.88989417693160798838
12.30573037247281799876
7.24212675945402104503
5.04694957375244635998
7.00574764033075915933
8.27510725006026734577
6.09725348005148954378
4.51649200154279028919
5.13188074686074520439
5.39935181294940254053
5.11817350233459748820
6.40048435667176675898
5.00016999711009825582
8.70503877073502757641
3.00154959979008176309
6.18162599968649025352
4.05143184565654516453
6.23667379297650936551
10.68971000542110122588
5.92925796369157816051
3.80289363511523945436
3.11118948313984887705
4.82222977469966688023
3.34436840075970099457
3.90520165932567431095
