2.55070578467999715319
3.82783228472721881869
3.43374431197199072986
2.86111866234170721086
2.97916095570548185176
.90906545418908093055
1.49606149606224409374
2.92138665705175014239
2.92013698308829341123
4.20839636916486277875
6.68249953236062710912
5.66849186292085983444
4.73591596209223290309
.94308006022818656559
2.64185540860963849987
1.91436673602525804021
.43520110293977886471
2.97092578163777090340
4.73122605674258604220
2.93790741855491423176
3.09925797570966976772
4.01543272885999174722
5.65576696832533933918
2.79719502359059690931
4.39656684243512895098
4.62722378970371390875
5.43708561639413583365
2.37002109695251447143
2.70442230430086491697
4.19766601815818596218
4.43227932332789694185
3.22032607044690429435
3.82990861509775452240
5.58276813059614719299
4.70729221527620908753
5.14660081995874243847
5.13638978271703986536
3.06876196535345504141
1.79866617247336922278
1.60184268890549923438
8.01813569353874180242
4.21492585937166871063
3.38920344623924870692
1.72942186871798287665
7.32632240622810702141
1.92979273498477032690
2.36763595174596045835
.93936148526539025864
.95399161421890915906
6.17943363100535290472
1.71058469536003975087
2.81831509948763536052
3.66159801179758125561
3.57594742690660931925
2.82962895094038787296
2.40541056786570221470
2.16787914792314933599
2.10905191970231022096
6.58873280684533450446
.55461698495448189798
2.29043663959516679750
3.79860500710458180694
4.05971673888708644223
2.82540262617560402096
3.33121599419791451024
4.76495540377871742364
3.51253469733752238702
2.66031952968059834900
6.14642985805581287445
1.66877200360025215758
2.63161547343072141315
3.65346410958148047878
4.67090997558291632720
5.04510654000487882660
4.01603037837115968198
1.73821747776277983207
2.41700227554712906190
2.49152563703446567605
.90675244692253243458
2.12435872676909254623
2.64395537027386300017
.51710733895391583390
1.58300347441185358884
3.91732051279953348675
2.65392162657453017711
4.79687398208458255095
2.70231382337433192504
6.72640319933320678721
2.31367672763504279493
2.55299823736719410998
3.18353577017755526899
2.94572571703476832717
4.00780488547034934121
2.43361870472759146238
3.00418042068048902328
3.98175840552889396421
1.05612499260267484685
1.78846302729466565844
1.05669295445744313905
3.71636919586846215157
1.13534135835879774401
4.18757686496618232522
5.02190203010771606988
2.95770181052789701266
3.21958071804388839739
3.84266834374240525608
8.04042287445131830984
2.57986433751854479174
2.82471237473835555114
3.46453460077973532136
2.66833281282526674249
3.63611055937522339799
5.06001976280725607207
2.36619948440531953387
.87258237433493922253
1.00801785698468655650
4.89845894134063350934
6.80233048300360073000
4.07575759828770974960
3.66307248085538160021
2.50137961933010080244
2.05586964567309082102
2.95611231180413711966
3.02603701233147510224
4.22219137415631599885
3.66438262194329264614
2.17175044606879268392
5.88667138542657228902
4.90020407738290018251
3.07104216838518842243
1.68940818039927816610
3.60291548610288664928
2.80951953187729235975
1.56553505230639917473
1.04081698679450846095
1.62637634021157599967
.84652229740273232805
2.43441984875247022374
1.21548344291479347160
2.85802379276310434287
3.51118213711564669665
2.11969337405201132548
.90719347440333806669
3.53205322723200194980
2.36410659658146548643
.66309878600401614669
1.53398174695789649738
1.58297188856909268867
1.60959622265958365413
2.83206638340276197700
3.93564480104594804883
3.07665402669848466665
3.14466214401483836096
2.37151850087660079380
1.01439637223326070016
.81006172604314543062
2.45717317257046415116
1.37076620909621200072
1.66556296788803514752
2.71079324183900089639
2.16870929356610633767
1.84342073331076538589
2.09539972320318874284
3.47414737741506872879
3.31237075219547245657
3.96546340293287790670
1.36839321834040086710
2.50870484513423778734
1.94383641287017771515
.85621259042366341507
3.06364162395016431203
7.90646570851983142906
3.24433352169594302331
9.60118221887284045311
3.94303182842847465645
6.93784548689288697969
2.85254272535925393104
1.56901242824905628597
1.75744132192229962941
4.43862591350070861093
4.54110118803798513198
5.06348694083434957959
2.30854932804131348065
2.65341289662954642088
2.30358416386291386572
1.21041315260534078517
5.48895254124136147098
3.99250547901940893504
3.19183332898195046089
2.15392664684756616249
4.33033486003103459763
.99201814499534231049
1.14743191519148533748
3.29098769368710948997
3.88114673775676768085
3.64895875559042185236
3.25301398705877070195
1.92777073325642123671
2.80752560095184172124
4.67219434527289329024
