4.42382187706512432993
3.23038697372311727813
1.71970927775598163747
2.07629477675979332508
1.22690667941779500282
1.49709719123375553810
1.70639971870602463481
1.06018866245588572602
1.95542834182181168466
.52335456432518098370
1.72133668990119419925
3.65004109565906120634
3.86101023049667663011
1.22139264775910617072
2.91539019686902288245
2.63639905932315185993
1.64106672624850937229
.93193347402054402222
1.79027930781763771130
2.37558413869094520859
2.56645670136863988356
2.01952964821019649223
3.71959675233754337678
2.36565001638027597736
8.32039061583048515471
2.85940553262387040517
2.83987675788932784455
3.41350259996971439248
6.90262268996357644604
3.89816623555230132774
5.23058314148623394195
1.96618920757896542778
1.38870443219570664694
3.08332612611770278172
7.26138416557063864039
7.15217449451563646621
2.36442381987663117012
3.12566792861941749808
1.81579183828984097568
2.61744149886869486838
1.05801701309572522393
3.37994082788441726885
3.58393638336396813894
3.06941362478242739685
3.13901258360013587251
2.85440011210762111685
5.09530175750170855374
5.19108851783515631470
4.46324993698538016346
6.55232019974604110464
1.89784087847216527385
2.41116154581147880415
3.38397695027610966734
4.94835326143960744608
5.12188441884429875505
1.90648891945376907821
2.14219513583613572726
2.64045450633030221878
3.53261942473287093824
5.28631251440926447238
2.73793717970299676486
2.09203250452759457118
5.23784306752311929172
2.44591496172700166096
4.49133610410087211945
7.07305450282973572393
4.96492698838562982548
9.32303598620106153240
3.18601632136434605553
4.61021691463644690836
4.52896235356400373777
5.31706686059146711572
2.39818681507508918253
3.40358634384379912413
3.06988599136840910794
3.50024284871778575283
1.33150291024841549161
2.43874967965143974921
1.24815864376288321244
.67186308128963299958
.21771541057077241265
1.49736435111832417365
1.21733315078494432661
3.66805125373133247335
2.49248871612290353413
2.76602603024628096141
4.06749308542743560986
1.38007246186568044279
2.24412566493055374975
3.80049996710959070098
4.47276201021248167191
2.94911851236941646241
2.22227361051694082344
2.18627537149371922388
2.29577873498296869297
3.42918357630500732573
3.14224442079224639045
2.16898593817479600551
4.14461095882351785300
3.13046322450847519934
3.49614072943295576372
2.70667692937299038855
2.77306689425264315963
1.30514367025243623176
3.28065542232036310515
4.78177791203230181970
4.24236962086049263185
1.45910931735768173731
2.01479527495971659577
3.76698818686759356288
3.27855150943217605565
1.99311314279947489387
2.26720091743100703959
1.34866600757934134268
1.99732320869708015316
.88741196746494240638
2.57379097830418233828
4.22608565933062932751
1.80679273852868912840
3.09085748620022919360
1.86335718529754783029
.70071392165419405202
1.88419744188341366084
1.10363037290571157966
4.95278709415214011175
4.26910997750116528899
3.26612920748705224887
2.92561104728567772066
4.31520567296623765457
7.21860097248767449835
1.74381765101744511502
1.07522090753481909774
1.68940818039927816610
4.10573988460058195148
2.81886501982624205254
2.14142475935999208293
3.28284937211563211252
3.19551247846100579110
.99724620831567968413
.97380696239039079895
2.24459350440118666935
2.60286380742442995766
3.26510336742958261891
2.63039920924562323363
5.81203922904861336415
1.26936992244183885893
2.94891505472775529387
2.80679532563384464533
4.13600048355896592972
2.41836721777318177407
2.99796597712515743619
3.00913608864737122909
3.42762308312918210222
2.09621086725548677563
2.23468118531480906187
2.22371311099251290086
1.64769536019253267787
1.98426308739541894447
1.69351705040132383073
1.27082650271388344224
4.01819611268539256198
4.72544177828909452748
1.88941789977760081556
1.09881754627417558361
3.14100302451302965949
2.34273344621192446918
1.19532422379871478951
1.16382988447624938962
2.28906094283223486220
5.00925144108378732120
5.64929199103746097030
3.28993920916481373212
4.26990632215743112548
2.57437371024488206491
2.42868277055691239982
4.54407306279289483873
4.58707968101710655252
3.67371746327885155180
4.76456713668723530560
3.04034537511776776758
3.60470525840879256761
3.13389533966914727916
2.46929139633215423391
6.43124404761629303231
3.00323159280132773446
5.46590340200044150030
1.42930052823050478294
8.02778923490147441725
6.10368741008253141357
5.26135913999415173927
5.07586445839523969454
4.41917413098873034213
2.48445164976096888420
1.71665372163403997322
4.19139594884568260589
7.28232792450326285085
5.16353561041269473300
4.32028934216216587883
3.91609499374057574711
2.55571907689401575198
