1.00905896755343292474
.81816868676331044244
.62872887638472594652
.49416596402423346177
.39408120990476062026
.28178005607210741698
.26925824035672520156
.38288379438153294606
.25455844122715710878
.39572717874818757512
.57043842787806643347
.90376988221560027818
1.13141504320916645659
1.03522944316706912332
1.00214769370587287701
.84148677945645705789
.58600341295934446118
.26551836094703507339
.46357307945997036724
.62185207244167000524
.35298725189445581449
1.25952371950670305746
1.30835774924139154578
1.75926120857591809745
1.63490060859980109067
2.58986486133929389624
1.83076486748025618758
2.32357483202069478776
1.75781113888836192003
2.05075595817737416125
3.95992424169958079767
2.79701626738208299609
3.96238564503759527740
2.92345685789956544725
2.35792281468244842121
2.73861278752583056728
1.17089709197691664606
1.21860576069539405406
1.26806939873178865383
1.06023582282433751013
.85941840799461585654
.27313000567495325997
.56160484328395886796
.74458041875945139576
.78606615497679328592
1.43704558034879325117
1.32875881934984725052
.97984692682071519573
1.55598843183360460355
1.65496223521867712738
1.67454471424324767118
1.05834776893042109346
.54240206489282468438
.26944387170614959080
.49829710013203970079
.80665977958492513400
1.14407167607628500366
1.10724884285331271688
.85211501571090742045
1.70038230995267649543
1.86220299645339417545
2.14443465743304941578
1.10905365064094171620
1.65423698423170312094
2.26682597479383052882
2.35537682760105288423
3.17288512240831057794
1.85983870268364939196
.72560319734686946871
.96296417378841254584
1.40552481301469736806
.86423376467249877982
.61749493925051725884
1.04273678366115002992
1.01911726508778174069
.51410115736107811256
.22516660498395404815
.29068883707497266053
.30643106892089124453
.55937465083787985324
.74316889062984868729
1.02508536229915994250
.98762341001011109082
.79435508432942002539
.29223278392404915116
1.09704147597071278643
1.59157155038659823362
1.74822767396011667185
1.67406690427832065184
1.15403639457341205639
1.27518626090465701817
1.61102451874575763701
1.03445637897400004384
.89911067171956089512
1.04923781860929888996
.70604532432415413595
.59262129560116214237
.88617154095581291128
1.11525781772646633171
.93252345814998134018
.76537572472609816892
1.08064795377588162997
1.34510222659840988012
1.14166545012100633332
.97216253785053865343
.83066238629180748525
.74686009399351362050
.33000000000000000000
.39331920878594271879
.22494443758403985038
.29765752132274433760
.27820855486487111257
.40693979898751608834
.46850827100489912268
.40174618853201333140
.47106262853255510615
1.27239930839339896271
1.87072178583561697933
1.82247085024699366246
2.99601401865879125595
2.03002463039244920389
1.07317286585153652029
1.09279458270985219960
.82480300678404416204
.42953463189829059463
.44395945760846226171
.53235326616824659057
.71575135347409577916
.62177166226839254369
.73932401557098089440
.55036351623268052523
.41109609582188931315
.47444704657105833858
.32588341473600647171
.38548670534792766053
.29631064780058107118
.30854497241083024978
1.04139329746258689851
1.06892469332502558666
1.06573918009989667452
1.43003496460750916843
1.32427338567230897891
1.32245982925758467062
.90609050320594355073
1.68555628799515324877
2.59223841496109304147
2.40534820764063180990
2.67247076691214716082
2.17092146334223707679
1.24975997695557525803
.77084369362407058613
1.22971541423208971663
.93941471140279679995
.59008473967727719911
.85562842402528914584
1.19657845543031569326
1.03821962994349129191
1.05886731935592383736
1.60368326049753353406
1.57851195750935000638
1.43798470089218960368
1.71962205149852623073
2.19895429693297627663
1.84991891714204598540
1.88830611925079562826
1.60265404875787213667
1.31426785702154338276
.44384682042344293445
.90493093659129589954
1.56543923548632190273
3.01776407295202585059
3.36239497977260250369
4.33876710598759840832
4.18273833750092476424
3.89568992605931099917
4.42905181726292292426
5.17297786579451739296
5.19282196883351663398
6.07030476994359814490
6.03438480708680029402
6.98721689945288588362
7.28322044153546131013
8.81592876559242622377
14.59775667696923902936
9.45539528523265916666
8.02144002034547410353
12.85128009188189781709
11.70710895140213513166
9.45903800605537264800
8.47828992191231922370
9.49994210508674626417
9.38272881415635927788
8.37173219829683754080
9.20771958738970286633
9.89678735752163162540
10.04105572138706936674
9.64963211734001805619
10.18368302727456261433
11.18009838954917247824
10.26111592371901819359
