4.21475977963157468488
2.88218666987410792861
2.43645233895514566045
2.55882785665624642464
1.38672275527590589833
.37175260590882211057
1.38884844385555618478
.60819404798139877883
1.26968500030519380787
2.42845629979211279197
3.39537921298932381857
2.65738593358209827037
3.74809284836968786636
1.93672403816341371913
2.87482173360366816328
2.23273375036075450103
2.09847563721859777992
1.62459225653700565704
2.11447392984638143539
3.95244228294354729847
5.91246141636459222653
5.44648510509300851424
4.30814345165060630667
2.49881972138847983760
2.93938769133981371783
1.91125613144863448989
4.00522159187228990450
.78262379212492639374
9.07138357694128156306
5.66986772332476906436
8.76837499198112534738
6.10550571206022212497
8.66674102532203277788
10.24720449683717398193
2.20383756207212331831
2.80592230826158121551
6.43167940743317833478
4.25495005846132111802
4.15348046823384014814
2.43425553301209526078
4.60145629121911794782
2.42835335155327014035
4.96697090790755487791
1.21412519947491411912
.83390646957557536387
2.50099980007996002238
.74033776075518395781
2.74556005215693652290
2.87416074707035131758
.48249352327259274828
2.29819494386355310334
2.39852037723259712146
2.66840776494148285185
1.73738308959192992370
1.51664102542427619773
1.37677158599384233515
2.07810009383571319832
2.37054845974512826452
2.46600892131395177562
2.73475775892491070193
4.46619524875480561429
5.85952216481856138050
4.14948189536958939121
3.72341241336492296977
3.07939929206980236975
5.98032607806631226338
6.66071317502863202220
9.42584744200753548351
5.27376525833298727418
2.96303898050633144214
2.90251614982587133924
2.86017481983182279745
.52583267300539627080
1.85790204262765156151
1.08503456166151684479
2.69326938867986245116
1.64733117496148903543
1.47040810661530290680
.57445626465380286598
.72429275848927276155
1.08064795377588162997
.56824290580701489299
1.29976921028311791595
2.46211291373892923660
2.62087771557545202460
2.10192768667240310462
1.88151534673517877208
1.02088197163041330690
3.67115785550008731846
3.79961840189248478168
3.47593152982045951002
2.20240777332445864213
3.52631535742338280166
2.30341051486703081777
2.89451204868799950207
3.31006042240923451092
1.89261723547050051691
2.27923232690307374027
1.98461583184252563797
.91760557975635697417
2.97815379052190654326
2.47008097033275409184
1.15381974328748595911
1.87675251431828378941
.95885348202944958591
5.67451319497981253923
3.07982142339454480261
2.86878022859890750467
1.32366914295076018441
1.44595988879359997272
1.91981769967880023189
1.64054868870143564538
1.68866811422493555650
1.81022098098547073491
1.47993243089000519409
1.49375366108337957104
.85889463847435908883
2.81142312717242902031
2.39422221190932902095
3.85624169367014650040
4.35538746841196667371
4.20552018185622312202
4.71900413222959574894
2.24875521122242204799
2.01804360706105654757
1.55322245670090670370
1.35373557240696013262
2.85555598789447656663
1.51611345221919325861
3.83257093867810879950
3.92760741418996712841
3.64059061142556922899
5.06196602122139891394
5.49368728633146719264
4.48874147172679126216
3.11586264138841653142
4.27546488700351742229
1.35307058204662775086
1.38452157801891986258
.67646138101151051592
1.06230880632704914049
1.49779838429609744321
1.66592316749602831135
2.98238159865567840114
4.25103516805024797009
3.93574643492184338661
1.83352120249535156554
2.65394046655157658606
1.59731023912075389913
2.14462117867002329946
1.76411450875502976800
1.11418131379053382507
2.15002325568817975983
2.18949765928169012052
1.86002688152617837374
1.85924715947073588637
1.53665220528263974505
1.91856717370020693263
1.87906891837420375122
1.35683455144685934549
2.89117623122493174663
1.97600607286516202143
2.44116775335084254016
2.87278610411565448312
3.81769564004256368640
2.21036196130859979111
.63371918071019437939
1.31202134128984350145
1.64927256692155041738
3.98347837950703580820
2.74156889389998733257
4.35780908255513185463
3.06648006678667324416
1.14179682956294812090
3.82320546138969622601
6.59534684455639527664
4.87171427733605904253
4.28698028920124614094
2.83346078144730988616
8.77253669128832997211
3.27575945392820319644
5.41931730017720959058
5.16358402662336850637
8.50882483072721388362
.77826730626437084068
6.02791838033661500903
5.88589840211330864932
6.09663021676729217714
3.75686039133742631546
3.37730661918635986911
4.92091454914632712930
5.08882108154727719348
3.41435206151913982732
1.44537192445404860921
.22090722034374521548
4.80592342843703659439
5.06960550733486559715
1.30456889430953396467
5.71462159727133639019
2.67570551443913573289
