6.71492367789835717057
7.04234335999033776166
3.81317453049293299718
2.10936009253991529098
1.48091188124074418204
1.32634837052714020364
2.15622355056241791341
1.77045191970863755506
2.22364565522477074364
1.83341211951923127893
1.70546181428960759948
1.91198849368922719989
1.32332913517386142373
1.15827457884562069844
2.16956216781174537515
1.78879847942690291185
1.83360301046873284195
3.76273836454250430255
3.01504560496188846619
2.40595095544360587865
4.38707191643811556060
4.04925919150651555324
6.64614926103830442704
8.06402504956426831162
5.46063183157407161228
3.51869293914658032071
6.32000791138745331871
4.76876294231533383735
5.24673231640418263105
2.40771676075073249052
.81890170350292958711
4.88394307911138538486
4.62772082131150171654
5.31052728078860357529
3.69736392582607426510
7.55229104312062380412
5.09141434181112390046
2.14751018623893842521
1.70099970605523621295
.88096537956948115249
1.65825209181233961137
4.40029544462641735467
5.16470715529932055023
3.48743458720016711369
1.30376378228573292424
1.16034477634882297081
2.26152603345617049741
2.17048381703250669502
.69000000000000000000
.83012047318446495474
1.69298552858552219817
1.83458442160615764888
2.21623554704819225810
1.74203903515391985030
.78568441501661467028
1.32582050067118814332
1.50219838902855970277
3.58321085061987386251
5.27433408118977613175
1.79270744964146339099
4.80558008985387735989
4.20985747977291981864
6.52184023110042155224
8.62649986958789677115
6.94880565277228054955
2.74989090692703662389
8.30324033134053033595
5.40209218729188293366
3.86203314330677384983
4.28660704987056167184
3.26619044147765517276
3.39143037669948341813
3.95399797673190520817
3.68469808803923581377
3.51169474755423467458
2.99422778024651958842
1.38209985167497937909
2.46700222942744824751
1.97208012007626099896
.55398555937858163632
1.14512008103953883985
2.20929853120849197743
2.16365431619748352073
2.67396709029860724649
5.84629797393187956895
4.42946949419453615904
2.55268486108254263685
1.56428897586091809675
1.28705089254465769163
.73593477971896395487
.36837480912787725528
2.09773687577827548662
2.22777916320267256421
3.19054854217891503936
3.43706269945719785672
2.32079727679950538156
1.38711931714614947179
2.63723339884811863801
4.07668983367633697146
3.70314731005937704649
3.47942523989235900352
2.29087319596698760624
4.08167857627226693412
5.02653956514817457971
4.29414717959224122353
4.32666153055678715174
3.33103587491939209826
1.62523844404444235999
1.11328343201540550007
2.54815619615438802087
1.90693471309324064126
1.18346947573648894681
2.18419321489652100787
1.31685230758806053739
2.09253434858307642548
1.46167711892880091016
1.61248255804520254661
.61122827159744500810
2.27510439320924348655
4.38069629168697336207
2.27960522898154451482
1.87715209825948840186
1.30003846096952070135
1.42327088075320363451
1.06193220122567146871
2.71366910289371869098
5.74089714243340193289
3.65902992608696765766
2.44346066062050608165
1.77352755828602787459
.95126231923691795099
.63898356786383795082
2.90726675762648240685
3.91053704751661955150
2.74455825225117056541
2.79819584732734531302
2.53308112779673916230
2.15151109688051574316
.67238381896056957387
.92108631517355635935
.66340033162487942790
2.23494966386270095789
2.07183493551006615899
2.82794978739015095688
2.95059316070514879108
2.98218041037090846221
3.24846117415615728026
3.12734711856551030989
3.03344688432153036108
4.11962376922941835771
3.93890847824622602007
2.08540163997250179586
.25019992006393607159
1.40067840705852248102
.87281154896117180101
1.46085591349728943759
1.53065345522753777893
.80882631015564769398
.65505724940649271468
1.75627446602175481266
2.18375822837602606250
1.75128524232918721868
2.23062771434410363375
3.91313173813507076004
3.20165582160231582878
2.69553334240183347059
2.53797163104712421448
1.81342217919600839980
2.88743831102934561032
4.90964357158439761213
6.03160011937130991366
3.02953791856117886088
7.82847366987971672516
3.72334527004950213762
4.23314304034248292255
5.47253140694505288281
8.73812909037169123006
3.60961216753268383593
1.32355581673006900053
4.36748211215569834301
2.81606107888305576077
4.98940878261142278997
5.34734513567246751359
5.22558130737624251923
5.73923339828587211639
4.38735683527109520200
2.45195840095218581177
9.09565830492768676104
3.97665688738669029265
2.36619948440531953387
3.69162565816199733488
3.98709167188315347869
2.17469538096718272309
3.74013368745022268087
1.44592530927430687947
2.85676390344039456466
1.36183699465097510619
4.45917032641723610579
4.25159969893686016570
2.48640302445118498532
