3.11738672608965857834
.97805930290550378262
3.94100241055495930281
2.06845352860536849915
2.49683800035164476026
3.22640666996583057832
2.02496913556725599787
3.28300167529655701819
2.29218236621783651658
1.68264672465731795985
4.17667331736634628550
5.94498948695453960261
3.60390066455777884555
4.88214092381610795304
3.56614637949706153112
3.63000000000000000000
3.55585432772491398639
2.12689915134686157972
.46421977553740641995
1.98244798166307506268
1.11615411122299773572
2.31622537763491400703
5.10272476232061726905
2.16272975658078926798
4.07237031714946080737
7.25326133542698156654
5.67807185583275266814
4.99181329779069361379
1.27314571043537667805
2.72774632251608030648
5.18247045336488146195
5.10505631702530780220
2.62933451656498055412
4.94280284858702411102
4.31287607055894894977
1.26514821266126760473
3.63359326287354292259
4.81055090400257587794
.77884529914483017312
4.39110464461962008478
2.66673958233645303950
1.72887246493198566413
.72152616030189785489
3.17134041061504464915
2.19738480926759844568
1.47641457592371391488
1.39046754726602662986
4.65936690978506220493
2.81440935188895362652
1.34499070628759364673
4.54462319670179036945
5.24071559999204688764
1.64963632355740760707
2.71236059549610770406
3.84096342080994049135
3.76920416003166376639
1.97969694650469166196
1.85994623578209915954
6.92063580894125651866
6.07296467962724117142
4.26860632993955065657
3.34762602451349096331
3.62398951433361628042
2.91885251425967050350
3.11783578785028381744
3.30685651336733992256
3.05655034311558493590
3.13796112149274405250
4.84762828607969899489
2.63321096762109055286
5.16481364620254232072
2.82414588858295349925
1.17940663047144177058
1.83352120249535156554
6.22219414676205679707
6.64550223835640582052
.79101201002260389194
2.46864335212683162504
.96083297195714510929
3.62229209203233636742
3.67866823728370482147
3.26713942157355751863
2.79302703173456593740
4.04782657731281763468
8.41054695010972517667
2.78485188115992984134
3.93612753858408404088
.96228893789755268078
.85609578903297965001
1.82181228451232044051
1.63856644662338914866
1.58173954872475765633
1.91465401574279210556
4.74280507716688689976
4.58616397439079798979
2.92689255012889053613
2.76801372828965571949
1.63517583152393736693
2.95793847130057794919
3.02849797754596494628
1.55341559152726415526
2.81973403001063204886
2.40245707557908305701
1.67934511045228580199
4.00751793508151376807
3.56890739582858888165
3.20638425644837521554
3.55195720694943057755
1.32879644791819036529
3.08787953132890208612
2.76038040856690620006
3.75490346080961181347
3.14268993061676385293
3.12440394315459792789
3.85764176667559425676
1.85844020619443121216
1.45979450608638748911
1.88915324947448347552
1.28428968694761385598
1.05778069560755361707
2.51509443162677293539
3.51434204368328382550
2.10895708823105265192
3.10518920518541027598
5.32091157603657232585
1.56869372409020620777
1.73115568335144254292
2.74727137356323064788
4.58835482498901778209
2.08463426048791589939
1.75761201634490426011
3.25089218523161730522
.92070625065761338079
2.19209945029873131438
2.95802298841641864613
2.22472470206989880494
2.78775895658143299238
2.21391056729941103553
5.23699341225478342686
5.72800139664787442167
4.83473887609248241186
4.27426016990075137377
3.25745299275369436604
2.73014651621483494330
3.66174821635786422075
5.59208369036086583495
5.81522140593116196442
3.15841732518044549812
4.36813461331035447291
5.06656688498237433462
5.33597226379598041478
1.93832401832098237042
2.32916293977042318901
3.63980768722744471320
2.39027195105494219996
2.39282260103000531651
3.14803113072282053632
3.78684565304687325858
3.57645075458896819408
1.68276558082223680832
2.43425553301209526078
2.01467118905294319990
3.94873397432645492718
5.62072949002173560393
2.45206035814781688256
2.85036839724271430885
2.39779064974405136243
1.89224734112641838849
1.72997109802447277763
3.15456811624031982955
2.78844042432324524640
6.27867820484534786131
3.17431882456693376173
2.74974544276374790394
2.36002118634558024596
3.63859863134146742893
5.45727037996102956511
2.03744938587440743325
5.44894485198740105582
2.78224729310677917676
4.50659516708567910832
2.75806091303292284629
2.17352248665616523913
1.29545358851639297159
1.85973116336743682583
1.20216471417189749422
2.11541958013061796468
3.58265264852734502433
3.37712895815365629339
5.84299580694698085798
2.37657316319106826692
6.26803797052953405287
6.38010188006429878514
2.36788935552318406886
4.59567187688590317617
3.04744154989066197184
4.62736426056994134277
3.95244228294354729847
6.51032257265337045296
3.93483163553410503480
