2.82265832151183328446
2.63248931621763661812
3.60811585179855332205
1.89507255797766223682
1.61170716943246238076
.90934042030473934058
3.02958743065784454016
3.06610502103238466354
1.59705979850473977172
.56753854494650845696
1.56265799201232769300
1.28097619025491648675
2.74812663463676651583
1.36766223900493794396
.91727858363749014327
2.15761442338523497366
1.68493323309856999211
1.52476227655329930778
2.39484863822330115961
4.18841258712653569926
2.41861530632715545129
2.83418418596957103267
4.50135535144693947545
5.30166011735946724485
4.98361314710522048562
4.04065588735294310016
4.24618652440045313655
6.38910009312735685208
3.52205905685864387380
3.13831164800438517570
1.84558933677023611047
4.44959548723251920730
3.86968991005739373313
1.82378726829638768591
1.69286738996295867569
7.71062254295980954549
5.27843726873778428917
2.36537523450297416019
2.05861603996471376954
1.67549992539540269595
2.48344518763752867330
3.62638938891013191757
4.45627647257214058056
3.34820847618543609707
.63576725301009330925
1.74705466428500742547
1.76827599655709854913
1.64833249073116313428
1.12685402781371820413
1.77485210651479353055
2.44323555966263719571
3.59058491056819320555
2.15167376709388730698
1.61833247511134126656
1.72542748326320570405
1.44156165320807559278
1.29591666398731056675
1.18873882749744487346
.43243496620879306503
2.07583718051296113689
5.58391439762466272713
4.84444011212854193954
8.73175812766249269060
2.60501439535369938423
4.37587705494567111700
5.53567520723533779110
9.48971021686120824404
6.96346178276293837806
5.60592543653588029062
4.68066234629245607582
1.20037494142455339744
1.63085866953577556165
3.99283107581575506851
4.85750965001614793498
4.74744141617355821795
4.46011210621437182726
3.30789963572052772158
4.09919504293220963589
3.13178862632841171125
1.42635900109334326028
1.42867071083577548086
2.63873075549590697531
1.78087057362403515008
4.51386752131694711304
4.98230870179678850457
2.55378150983986881868
2.86485601732443091378
1.56591826095744857049
3.07689778835761783580
2.13733478893691336462
2.89672228561869561904
4.08079649088263160352
4.14755349573697481923
2.87534345774552644137
2.46548169735652266107
2.88835593374500851181
2.80248104364686113749
2.57456792491478072480
1.64404987758887655956
1.96229457523583853992
1.94023194489731046691
3.99535980857794583687
4.46669900485806184571
3.97896971589380157222
4.21561383430693281522
3.06307035505226356855
3.49469598105471829897
2.43747820503076498790
2.78416953506786292469
1.11821285987954905114
2.69462427807663011117
1.01375539456024597768
.99749686716300016658
3.04796653524936195287
3.75896262285221452825
1.66060230037176571412
2.33482333378780502541
3.36762527606620745888
3.11632796733591568876
3.77526158034115564515
2.54960781297830196306
1.23891081196347624739
.67453687816160207327
1.03038827633082083704
2.05723114889892720581
4.72680653295647377503
4.15771571899763247870
2.91158032690152651402
3.36174062057143248601
4.68482657096289958275
3.03820670791175760645
2.51702204996301134906
1.83929334256393153509
2.24055796622180699161
4.69843590995982406621
5.00024999375031248047
2.63715756070811969223
3.00221584833602528899
1.69649638962185828755
1.52203810727589866083
2.29505991207201386209
1.88143562207161369563
1.91953119276556691229
2.00641471286471581236
3.50625155971444809851
4.42793405551618394921
3.37666995722116732905
1.48286884113194582965
2.23868264834478046659
1.79749826147342907520
2.08513788512894273775
2.06992753496348272525
1.83177509536514880525
5.12257747623205792738
2.36554433482021215742
2.97645762610523316685
3.25163036029620070343
3.89262122483038413594
2.27914457637070492185
3.11733860849282781278
2.72503210990256039588
2.49593669791523358658
3.17718428801352346106
.89827612681179499328
.31368774282716243868
2.64435247272371010597
2.90508175444340980770
1.95734514074549458340
2.06888859052390735542
2.46270176838365875243
3.41187631663282893980
4.53618782679906234060
7.21223959668562314464
1.32034086507992321550
4.62804494360199574758
2.77218325512582230516
4.39145761678283762984
3.60477461153953424256
9.36789197205006202135
7.23343625118795112755
5.98261648444892379096
7.88906204817784406301
4.47215831562345297078
1.26751725826514883000
2.97181762562913675172
5.57937272459906553606
6.76915061141351766274
6.47598641135078355562
3.81447244058729568375
2.88154472462254175576
3.72828378748184886613
3.78615900352851002659
2.84908757324165099100
1.47027208366342860383
6.12418974232510206277
1.41876707038188618934
2.21156053500689869766
3.94443912362708419579
5.37161055922709273989
2.98003355685804316749
