1.74734083681461528417
2.20347452901094366155
1.80357977367234854450
1.27145585845518050371
.82060952955714571082
.58864250611045750405
.17262676501632068758
.35623026261113751704
.44564559910314384254
.72869746808946715318
.93112834775878239287
1.27804538260579776643
1.29668808894043597596
.78415559680461377167
1.14359083591991064887
.92336341707910434196
.83528438271046346673
1.20917327128910685328
1.06981306778333942727
.61854668376768458752
.72013887549555328807
.70859014952227497077
.51127292124656866086
2.42340669306660123369
4.07942397894604723077
5.73576498821212164907
5.72553927591104731564
5.67765796785963499095
9.31402168775658370272
11.13703730800970245182
14.28440408277503188611
11.73061805703348266677
9.59746320649368262010
8.29083228632686791970
6.28233236943095840213
3.29098769368710948997
.95000000000000000000
.27495454169735040039
.41352146256270665303
.46443514078932485532
.71596089278674991048
.74444610281738999778
.93536089291780848966
.88960665465136893837
.84728979694081056483
1.85693295517097224034
2.07947108659870527183
2.69326938867986245116
1.65924681708297997265
1.27757582945201338839
.90216406490172285070
.85005882149413636915
.94212525706511021230
.86365502372185620257
1.02469507659595983832
.68687699044297589573
.51234753829797991916
.38820097887563343958
.24103941586387899309
.94047860156411852303
.90697298746985844286
1.22388724970889373180
.89050547443572743035
.49406477308142502298
1.28825463321503330815
1.01557865278864541521
1.22102416028512720007
1.17055542371986812301
.57628118136895638178
.58532042506647587515
.65138314377945028306
.42953463189829059463
.65825526963329355484
1.12449988883947872091
1.37549990912395192349
.50119856344566671153
.90271811768680039049
.44844174649557326867
.14317821063276353154
.22869193252058543046
.41593268686170842949
.41484937025383080602
.52971690552596110249
.71203932475671594749
.81902380917773080328
1.10950439386241278643
1.55804364508828827609
1.75217008306842175691
1.92491558256459651945
1.14341593481987122427
1.03870111196628647876
1.44461067419564638907
1.20345336428130857587
.91607859924790296347
1.01242283656582934666
.73013697345087243568
.57436921923097515515
.70781353476745554529
.71035202540712164847
.60332412515993424345
.46583258795408463780
.69613217135828451812
.91005494339627648659
.90000000000000000000
.39937451095431716346
.77006493232713824182
.91372862492098823378
.49446941260304463851
.60728905802755906397
.22825424421026654811
.14798648586948742057
.29427877939124322798
.23727621035409344214
.26476404589747453094
.32449961479175903638
.64567793829431713052
1.05114223585583316622
1.40164189435104999646
.66513156593263561633
.39673668849754745110
.82012194215250697680
.77543536158728278620
1.26067442268017796094
1.08208132781228602068
.90917545061445648341
1.12249721603218241567
.87051708771281451508
.84675852520066191536
1.17004273426230035283
1.19079805172833567245
.76909037180295008553
.67896980787071821018
1.00925715256321072059
1.01557865278864541521
1.15969823661157646859
1.19503138034111890847
.66550732527899345429
.74417739820556227371
.92806249789548117479
1.06066017177982128660
1.36216739059485637064
1.47962833171036570280
1.51571765180722230711
1.41950695665783899672
1.76334908625603682535
2.52545045486938824641
2.36378933071456264240
2.42697342383471517073
2.00302271579730218495
1.49258165605771800266
.94810336989170120763
.86873471209570070914
.49335585534176038600
.41821047332652968842
.49909918853871121075
.62585940913275403117
.54525223520862342265
.52716221412388805619
.70887234393789126014
.85586213843118448815
.78898669190297500226
.36124783736376886440
1.49843251432955765263
2.16192044256952249209
2.21707013871911594063
2.40029164894601922622
2.33186620542431636312
2.45552438391476780708
2.40842272037115610665
3.66269026809529718934
3.55664167438891712708
2.49841950040420553870
3.23360479960059435832
2.42311782627258965902
8.96935895145243922353
12.77578177647066731549
5.01352171631877944536
9.87266934521763470571
15.54976527154027492588
12.69692088657718619873
11.83407368576011529306
8.88217878676172561538
7.38968876205216101657
2.79279429962179634924
3.25153809757782170753
4.13977052504121295769
2.55070578467999715319
3.17732591970040114737
3.99400801200999094841
4.55696170710266118207
4.72597079974051468958
5.25404605994275615467
5.64451946581814881068
4.54140947283990237637
3.99607307240495791212
5.01122739456113685545
5.72674427576437186244
4.43541429857459876949
4.55878273226526995451
4.54368792942473107959
