2.99703186502913245218
4.57340136003828117985
2.26684803195979593218
2.03847982575251403933
1.80513157415186774523
1.24619420637395036799
1.64204141238885933281
2.65422305015987682345
3.32064752721513639423
1.87565988388087033800
1.59777970947186583678
3.04857343687174444290
1.97068516003952290380
1.64903001791962537943
1.89449201634633446137
2.34318159774269309619
2.31017315368350690216
3.86638073655453647693
3.96320577310843147192
3.43333656957776279122
3.22035712305328025089
5.15516246106754622034
5.55734648910790877277
8.96848928192479917845
10.13215179515190642803
5.95668531987379706000
4.57565295886827500994
5.34981308084684394237
4.38284154402141259980
5.51652970625555500597
6.31081611204129445754
4.08369930332780501112
5.07019723482232986789
6.34238913974852224219
5.75574495612861567662
5.35785404803079718979
4.43561720620704599592
4.90708671209303168148
2.29610539827770101429
1.98461583184252563797
2.39225834725265406481
1.54857999470482634799
3.66165263235058931497
3.07918820470590917077
2.37936966442795517120
1.52499180325666013069
.96301609540027938205
1.52797251284177229468
1.35133267554662497326
1.37328074332963687705
2.15659453769131113414
2.73353251306802641439
2.00584146930907777560
.91131772724994217573
1.75647374019653365269
1.25499003980111332196
1.04124924969960962752
1.29499034745437388530
1.68736480939955601528
1.54715868610818328042
3.17844301506256361575
3.46560240073785729134
1.87515332706421636767
5.60332936743861238460
6.59267017224432364519
3.75792495933593650038
4.06674316867933030772
8.82230128707923916818
1.62178913549203430344
2.84445073784026008397
3.95112642166762363392
3.64027471490820318831
3.50272750867092143548
4.09084343381655221224
4.70110625278774144832
2.59094577326504461908
1.86796680912697161338
1.16610462652370949248
.95624264703055364199
1.23069086288962103433
1.88470156788813650097
1.38711931714614947179
1.60143685482756390821
1.09877204187219834811
2.34865919196464091840
2.29403574514435149417
2.33548710122749339923
2.44906104456381405241
2.42231294427454191400
.93139680050985788212
2.44127016120707132195
2.53252838088736924622
2.19143788412996091473
1.48124947257374576254
1.98979898482233626854
2.40916998154966226119
2.84160166103555056322
2.23188261340062416822
1.81276032613249785895
2.27905682245967706806
1.14407167607628500366
1.47749788493926447312
1.72214981926660492275
1.02493902257646527759
3.55731640425756898962
5.71402660126814600393
1.73577072218654500498
1.18579087532330084126
1.68267643948561899390
1.81628742218845968641
1.44367586389743317617
.69663476800975129050
1.76796493177890833412
1.58675770046973460402
2.35616213364021279952
1.95841772867792432063
2.21977476334875021031
1.59292184365712054855
1.25363471553718549693
.61983868869246940545
.51865209919559758781
1.15243221058767703987
2.65499529189789713269
3.54249911785451260682
1.94579032786166351629
2.08660010543467576045
1.65924681708297997265
2.71125432226488114823
2.05723114889892720581
2.45328351398691790092
2.58969110127057431644
2.96833286543136869941
2.45069377932046010243
4.16710930982137784381
2.18634398025562299669
3.76840815199203176758
3.88356794713315142223
1.03585713300628480057
2.08712721222258036084
1.86528818148831897862
2.44272388943163201709
1.93437328352104780614
.42178193417926282727
3.60873939208693760726
5.87013628461895252444
4.19985714042751697023
4.05266578932929035082
.94899947312946386061
.97821265581671963972
.32771939216347878488
1.02576800496018591698
2.40769599409892278036
1.81848838324582101246
1.75900540078761554665
1.98939689353331403054
2.13960276687052356223
1.71496355646410165924
3.16734904928395916760
3.15640618425449166714
2.32744495101387951173
3.51421399462241058328
3.72560062271843625479
1.58145502623375287687
3.00334813166905444578
2.49565622632605390657
1.17596768663088697983
1.44471450466865597950
1.97355010070684549622
2.03455154763893854014
2.32434937132953401455
7.77391149936761243034
2.37592087410334437677
6.64596870290554407753
8.03976989720477012608
7.11284050151555134673
3.20806795439248761559
3.27685825143535923440
4.24255819052608870636
4.63578472321569306929
2.79858893015748206007
7.49429783235227448216
4.96613531833356308917
3.79379756971823682462
3.93019083506132053063
4.29783666511420603567
8.30072888365835015602
8.30903724868290622347
4.68962685082725958242
8.26254803314328696798
1.70707351921351061651
4.72059318306502662771
5.81381974264768549506
3.69482069930328283582
4.45091001931065777864
5.59500670240885413007
3.95365653541123877934
4.76609903380112318874
1.95780489324140775067
1.28191263352851000756
3.20045309292293799742
