3.56115149916428014917
3.21765442519857933857
2.40659510512258791970
1.69958818541433736338
.70107060985324438288
.55578772926361013714
.20639767440550293177
.60149812967290264052
.59380131357214089611
1.24567250912910492792
1.42986013302000975818
3.24682922248768729416
2.47370167966955950805
3.35837758448927240334
3.26318862464308060415
2.62457615625837765477
3.55801911180926626567
4.73672882905492068237
3.36168112705533092773
3.34127221279559920862
2.15705818187641846463
1.02537797908868708062
.91186621825791967431
2.57643164085523526625
9.26668225418353275696
5.42427875389899186917
9.15140972746822214972
12.73930924344016385570
8.20198146791371383673
6.16914904990955782629
2.98512981292271442149
9.15101087312216015815
4.20229699093245907152
4.79911450165548769437
7.64011125573443465676
2.20884585247590330802
3.14760226204010725228
3.04070715459414144484
2.89166042266376775888
2.14953483340000796554
1.82063175848385112146
1.81763582711169070969
1.66210709642910796399
1.73355126835060750677
2.10261741645978001729
1.62646856717244923214
2.21325552072055159710
2.18469677529857676127
1.49709719123375553810
2.54261676231397483485
1.87579316557023418535
1.63474768695355553330
1.19674558699833942608
1.40463518395347053188
.80634980002477832821
.87005746936624824311
.69534164264769875782
1.40982268388616871481
2.27143126684476191305
2.81854572430535531306
3.38591198940551318046
4.18412475913422065350
8.60440584816871594316
11.03757672680013581612
4.22091222367866825556
2.56275242659137872486
7.15834478074366015654
10.19989215629263405792
8.62327663942193147590
5.99340470851084775966
4.89307674168308952346
3.00627676703260307120
3.73134024178980494107
3.54584263610217197692
2.22202610245694458628
2.33638609822948569948
2.00631503009871308694
.96674712308855618336
.88555067613321825073
.87527138648535746589
.86556340033529606259
.67609170975541476461
1.32819426289982144313
.69871310278253691841
3.01391771619598135305
2.54489685449135639423
1.42639405495115549433
.55362442142665635844
1.26483200465516368115
1.28553490812190704975
1.29622528906050895640
.72166474210674862371
1.21165176515366823444
1.03082491238813199338
1.62803562614581625745
1.97131935515278700872
1.85940850810143385231
1.53407952857731596808
1.04732993846256490940
1.38956827827926469257
1.93375282805223067112
.58043087443725803239
.40311288741492748261
1.99904977426776444935
2.60221059870257234336
1.86978608402137809899
1.53704261489393975748
1.92948179571614512809
.32572994949804661767
.59623820743055371560
.87281154896117180101
1.86871613681693239666
1.42597335178466781893
1.79696967141908101820
.58395205282625730315
1.20108284476966866717
1.61186227699515320594
1.23713378419635764144
.70866070866106299177
1.08309741020833393921
1.40815482103353962135
1.98159027046460843284
1.73971261994617950176
1.37047437042799162300
1.82035710782252832117
3.43046644058792681260
3.40787323707910238930
3.45927738118815791501
1.82825052987822213293
2.05594260620280934923
.97329337817535777170
3.59840242329842813816
3.40872410147844027591
4.11277278730542079042
3.93550505018098026579
2.30019564385293104571
1.74163716083459817752
1.07745069492761477359
2.15420518985541393574
2.23452455793173148110
1.94244691047142907493
1.36308473691109900858
.45276925690687083132
1.58628496809369028326
1.28050771180809371961
1.41187818171398909113
1.24587318776832178843
1.13604577372568927663
1.69014792252039288775
1.29911508343179512173
1.16473172876847482230
2.16490184535003803483
2.37573146630674570437
2.35773196101677342469
1.68124953531592091262
2.42720003295978883356
2.17000000000000000000
1.28565158577275515294
1.58432951118130725804
1.60334026332528679500
1.22482651832820798050
.62801273872430326681
1.63554272337961260607
1.38401589586247166050
.78466553384228620647
1.10063617967064847890
.87372764635211125955
1.35539662091950044819
1.82107111338354933557
1.65722659886932782720
2.42901214488524120265
4.85651109336733627109
4.66275669534664868728
6.15669554225316553455
6.71503536848466644023
3.66087421253448695982
7.07562718068158251941
5.60112488702046349935
5.62284625434485804063
8.84131777508307864349
5.64902646479904535417
5.72582745112005623735
4.05921174613988325259
2.04129860627983577722
3.49711309511145206829
3.18601632136434605553
3.28587887786509866660
5.07265216627357567137
6.14336227159037073174
2.52952564723111672979
3.46694389917114176541
3.35620321196437686741
2.87769004585274958343
3.00709161815864865411
1.85954295459932842068
5.23664014421460890973
4.53592327977447167051
5.17228189487000021921
4.27647050732259815031
6.05787091311790829249
