3.58499651324795572666
3.22001552791287017420
2.43148103015425559375
2.57503398035831752400
1.18241278748159688532
1.08471194332873462650
2.08492206089340423574
2.64641266623329174240
2.34465349252293567985
2.44797875807777384398
4.57725900512522887318
4.74082271341167112409
4.99736930794593166617
1.48825401057749547057
3.26504211305152999859
4.22681913499974588160
3.86058285754884426881
1.71268794589090280080
2.31495140337761734190
1.99674735507524837186
4.17473352443003240843
5.04331240356970153061
3.90576496988746111110
5.54682792233543152665
8.48257036516644523142
5.83916089862233544532
6.82569410389888480241
4.03778404573597769323
4.61871194165646143297
5.97638686833441196697
3.67838279682797559703
2.78793830634754183041
9.25931422946645655094
1.66334001334663983968
5.98620079850317082562
3.25044612322677946582
6.33337982439076521236
3.80879245955985372852
1.43812377770482607370
1.25952371950670305746
3.85709735422895438225
1.40153487291611834513
1.57031843904349540692
4.78616756915175296498
4.53634213877216276267
1.54534785728003648078
1.77135541323586441908
3.05229421910798107778
2.53387055707271676723
4.48015624727531126761
2.32731605073311862810
3.50590929717241829273
2.97069015550258960358
1.33093951778433568307
1.91494125236258879859
1.46581035608294158347
1.22433655503705352691
.92579695398073113340
.54387498563548590545
2.50601276932101844388
4.13952895871015739896
7.61079496504800081846
7.07130115325319743237
2.29893453582306253542
3.17108814131679411444
3.19631037291437015415
4.67986110905013932123
2.32572569319771672853
5.00465783046153915579
5.43176766808006986207
3.19156701323973456059
2.89718829212048280360
4.79529978207828003567
3.17302694599336801787
3.49481043834998295319
3.24000000000000000000
.94615009380118966407
1.45179199612065639738
1.96987309235899762822
2.64979244470203741276
2.21596480116449503138
1.83144751494548704689
2.07016907522066902312
2.50227896126710860374
3.38768357436169058743
2.78815351083831106905
1.29730489862637919509
2.84445073784026008397
4.04139827287536708077
2.15306757906016503186
1.20403488321559853384
1.26388290596874519165
1.04814121186031035672
1.32612216631802064150
1.77507746309844179712
1.28452325786651290201
.97882582720318531652
1.52187384496876087156
1.91854111240807138456
2.93737978477417863501
1.25908697078478260297
1.92460385534270402489
3.10216053743193632290
2.06276513447362688353
2.47293348070666874539
8.91521171930313722260
4.53951539263829349998
1.59552499196972781232
2.71164156923440012379
1.84263398427359957340
2.93984693479099350200
2.85849610809600368782
4.80346749754799527570
3.38119801253934254112
2.91648761355161596029
4.47751046899948632604
4.80312398340913119510
4.33851357033719556856
1.71845861166337084407
1.51162164578309740476
.75953933407032976385
2.66431980062454214385
1.91796767438870043120
2.23465881064649330059
3.38781640588742647997
1.29464280788177246182
2.53019762074032470227
2.35900402712670246937
1.96746029184835138313
2.89717103395709104621
1.66267856183929911161
1.85391477689779472775
3.49053004570939053820
3.14531397478852657705
1.69472711667690028733
1.63905460555772820780
2.46748860179738216354
2.02004950434389107324
1.73311857643959260633
1.69923512204756408159
1.73118456555042102766
1.81884578785558397872
1.31339255365636971468
1.83970106267295502695
6.73386961560735893641
1.79924984368486190512
1.81013811627731876784
2.75552172918305980830
2.98765794561559539986
1.43614066163450716496
1.58886752122384325613
1.93028495305744949486
2.00860648211639504307
1.60888159912406232976
1.21712776650604763039
1.46417212102949153236
1.53902566580288062459
2.65723540545432293470
4.29550928296051992131
3.61698769696552880049
2.40759215815303734761
2.12388794431344706006
1.60925448577905166577
2.68024252633973405507
1.45031031162299883856
1.86852883306627088290
2.42272573767647088163
5.00145978690222001069
1.18600168633944193055
4.36066508688754954239
3.76293768218396090939
4.28956874289246004618
2.55411432790311874872
1.61879584877154908029
3.71667862479391672248
4.23376900645276111643
7.76072805862955102682
2.84529436087024219160
6.05885302677000079745
5.80526485183923369978
5.41954795162843817050
6.89080546815827619761
2.92911249357207173822
3.19294534873367351846
6.07508024638358172197
2.70669540214631465280
5.97896312080949367014
3.21796519558555822488
8.78910120547032954689
5.19599846035389044359
4.22538755618937279039
4.50659516708567910832
2.31090891209497913433
2.11030803438739719924
4.99794957957760914425
3.33639026494203762235
4.18379014770100533062
4.10765139708812193648
.66760766921898073713
3.57186225938235193868
