5.42706182017489091362
1.55727325797369293937
1.56617368130102352323
1.97580363396770783447
1.49043617776810557397
1.13128245809788812441
1.14402797168600733474
.91372862492098823378
1.45444147355608640867
.62377880695002775959
.97334474879150604066
1.16970081644837711039
1.54667385055802892758
.80355460299845212198
1.07870292481294403876
1.32434889662807512001
1.11807870921505342829
1.15472940553187611287
1.40648498036772507867
.99201814499534231049
1.27145585845518050371
1.92520128817742068328
3.35270040415185323191
5.53256721603994613411
8.16829235519885147554
1.56473639952549196138
5.35362494016904400478
4.84830898355292533226
9.98170326146795449807
7.04393356016366752896
4.84262325604625163267
5.49237653479802857552
4.29238861241616845290
9.78288812161316705303
8.07358037056670415604
5.19157972104830535077
9.24669670747343156308
3.54977464073425371018
1.83526564834630956484
1.57626139964156960256
1.86402789678695527831
2.22409532169824052260
2.37773000990440460058
1.43059428210796369029
2.36021185489777590855
2.32746643369995778764
1.44599446748595826015
1.67373833080323520444
1.58949677571236362668
.92487837038174916981
2.51256840702895092340
2.23029146077368103256
.93091352981896229393
1.75539169418110213411
.62657800791282165778
.90493093659129589954
.51672042731055252911
1.78692473260627292712
2.21379764206216463302
2.63835175820056261124
8.00296819936203420123
5.93141635699265340318
6.65030074507912762259
5.13140331683254069278
7.17214751660895496949
6.27700565556539864425
5.71532151326589849967
7.93223801962598699224
2.78946231378020233686
1.00642933184600696036
2.48575944129756852061
2.07966343430854214747
1.19783137377512365774
.93792323779720907392
2.43361870472759146238
1.81002762409859369527
1.39817738502666391825
1.38509927442042940375
.54598534778874789873
.55794264938253286392
1.25163892556919146017
1.05479855896754049367
.63914004725099177593
.68593002558570068765
.77980766859527612624
.90476516290140172483
.94392796335313639229
1.16721891691318985408
2.17361450123981276313
1.15368973298716670169
1.20606799144990163361
2.03442866672685282430
1.48155323900290535593
1.26130884401878352959
1.24261820363295821146
1.49137520429970941635
1.64642035944651753446
1.54486245342425226539
2.30733612635870632484
3.21605348214236014436
2.49841950040420553870
1.66472219904703619591
1.85518193177919884569
2.11948106856371802790
3.00023332425996495196
1.83303027798233600263
1.19008403064657581346
.79227520471109027381
.68541957952775174570
.35944401511222856915
.72862884927787480517
.39000000000000000000
.81437092286009328023
1.20776653373075377659
.90188691087075878462
1.43034960761346734463
1.86016128333002350981
2.59880741879809170287
1.57133701031955586023
1.35462171841440664242
1.08342050931298139239
1.45155089473294046121
2.05009755865422170401
1.84092368119919626395
2.78262466028029012003
2.59127381802850005178
2.81259666500548919355
3.00567796012813055993
1.79521586445753091222
1.81013811627731876784
2.13168947081886202199
1.25618469979537642830
1.32113587491976009848
1.30445390872962621515
.95900990610107881200
.67586980994863204497
.48887626246321266851
.42201895692018385917
.52564246403805695576
.45923850012820135940
.59439044406854321500
1.04124924969960962752
2.12887294125318808327
1.99326365541540941427
2.40010416440620343339
2.40511953964870527804
2.13759210327882714135
1.46948970734741793223
2.27609314396401624941
1.56476835346322108573
1.86831474864381456554
1.14743191519148533748
1.05479855896754049367
1.36400146627487171480
.71232015274032504379
.75418830539859208294
1.23373416909802737294
1.48253161854983720276
1.31928010672487592088
1.43934012658579070130
1.31350675673937817775
1.36403812263440789802
2.12929565819310306506
1.91083751271530149432
2.45509673943818352340
2.33660009415389693037
1.50748134316813354053
1.89351524947648626007
1.86753848688587941507
2.31631172340857438401
1.85690602885552611908
3.11902228270334740806
3.94352634072602588467
8.80994892153183825710
2.33927339146154526595
2.02002475232359467244
2.41105785911495703367
4.98485706916457134239
10.70285008771028241575
4.33971197200920236371
5.30099990567817309030
7.47712511597873424270
2.96087824808788785833
8.93143325564267988388
8.90696918148929041190
5.93181253918226920226
6.52881306211167299033
8.08734196136159435986
6.59994696948392154276
5.53686734534971498625
4.01881823425742906539
1.99684751546030674875
4.33133928479402315223
3.70977088241309048096
5.49786322128879448535
9.22952869869312449281
4.58133168412853513183
9.71289349267251051122
1.92065093132510676946
3.48083323358071838551
