3.24699861410503222900
1.82852399492049324323
1.07429046351533810867
2.32641354879135794634
2.11118450164830454119
2.09985713799772578719
1.42077443670696721893
1.19398492452794394568
.73088986858486415880
2.55384024559094142254
1.22983738762488433302
2.44370620165354574892
4.87168348725571456331
1.74479225124368316584
1.30514367025243623176
1.56760964528800983006
2.23197222204936950241
2.30783448279983891915
1.66343019090071826193
3.36123489211926395532
4.03720200138660389027
7.23663595878637520951
8.65032947349405876952
3.55575589713354760822
4.65699473909945489858
3.32436460094256207624
5.70569890548037944746
3.92567191700987666731
3.27777363464898228472
4.68428222890124330732
6.41255799194050174166
3.65514705586519459806
4.88808756059054244924
6.96680701613012960885
4.76093478216200731018
1.77282260815909046213
5.48569959075412732356
2.48533699928198872013
5.35971081309430350500
3.27832274189104206323
1.38787607515945025025
1.33936552143169640426
.98239503256073114164
2.71436917164928028144
2.32770273016122056530
3.18926323780273741141
2.34138847695122989387
3.91573747843238336773
2.69193239142442059957
2.01263508863380397937
3.07788888688334556649
3.67899442782943067615
1.48000000000000000000
1.67263265542676763799
1.20245582039424633490
1.12667652855644418984
1.62129577807382203766
3.87846619167938603290
3.04717902329351171319
2.90931263359577772277
2.72671964088719616205
5.97028475032807794468
6.50409870773806753118
3.80747948123164545570
5.53375098825380829947
4.71297146182745307741
6.14665762833753414188
4.25536132425908105752
5.04980197631550696829
2.36023303934166636349
2.47939508751630787770
2.17754448863852147933
2.80633212574705775861
1.53104539449357934443
4.55374571095049179844
2.33197341322751790930
.55145262715848947163
1.01995097921419733298
1.85464282275590735913
1.92325245352761736701
1.90675116362885694713
1.81645258677456263518
1.51340675299140911425
1.44114537781585380207
2.87994791619570786987
1.18334272296744192214
1.29607098571027350963
2.31883591485038026612
3.97342421596285135440
3.81948949468381179889
2.93271205541901095790
2.99482887658042992898
1.97208012007626099896
2.14785939949522766707
2.26958145921224867588
1.67182534973004880561
2.20329299004921267869
2.49949994998999749929
2.57683914903511197023
1.31045793522722430039
1.20307938225206070564
1.64499240119825477569
1.40249777183423717551
1.20224789457083267540
1.50980131143140818242
1.56108936323325193554
1.64563057822829726367
2.22748737370158845980
1.12200713010212194462
3.03567126019929898469
2.12011792124872148584
2.54350152349079594570
1.81689295226768932502
1.64304595188326975774
1.81510330284532290583
2.40559763884154159684
4.41980768812399800323
5.15077664046889146408
2.53047426384857745701
2.25732142150824413780
1.03542261903050968649
.72201108024738789322
2.02901453912977173619
1.52990195764303798736
.73409808608931817593
3.61310116105264896581
4.78723302127648680848
3.50018570935886200443
1.54702941148512105461
1.48468851952185580305
1.93871091192059885202
3.75051996395166519582
4.76551151504222052278
3.76961536499415282187
3.03384244811756828316
5.08999017680780991111
2.65064143180476223386
3.34182584824523732990
2.95956077822368770491
2.82476547699096605905
3.22214214459883814729
2.17287827546781828466
1.46785557872700814285
2.98291803440858897496
3.44411091575169802921
3.40120566858283358353
4.72590732029310959910
2.44761108021678967067
2.96518127607740029719
1.84116810747959676904
1.17567002173228862168
1.22106510882917295811
1.62662226715362531336
.85293610546159904016
1.10950439386241278643
1.44381439250341316162
.97637083119069057940
1.68493323309856999211
1.65704556364633498269
1.64693655008321434726
2.30542837667970071336
1.68297355891291411578
2.47002024283202990919
2.61000000000000000000
1.68499258158604366005
1.35709248026801769615
.86394444265820704450
1.55296490623581059723
1.24209500441793903867
2.71204719722942874893
3.02086080447279132821
7.78199845797980096207
2.71000000000000000000
5.71637122657372559131
10.29859699182369209772
4.47634895869390414976
6.21174693624909352681
7.32091524332852797711
2.62062969532133631434
6.11413117294681534378
2.11329127192632866369
3.06634962129239267868
6.18592757797890808769
4.68053415755082381387
4.38507696625726285552
5.03107344410713209377
6.74569492343079505797
5.48795954795587027384
5.49838158006517405072
2.35308308395602555272
5.21613841840877531749
4.90004081615653483323
8.95161996512363118539
4.41897046833309353357
5.67850332394020880703
6.96491923858417758179
4.47823625995770794817
4.16408453324377169757
6.08732289270086280019
3.30249905374702567832
