1.38564064605510183482
3.78730775089640688681
3.32974473496092489879
1.45512886027320618186
1.99964996936963945234
1.74427635425124077441
1.44131884050684635460
2.33171610621876521788
1.22094225907698026569
.43382023926967722790
3.06132324330509077327
2.54491650157721284716
6.44083069176639668018
1.12467773161915142455
1.81543383244887226046
2.24777667929890223781
3.36275184930437589373
4.16233107765348238402
2.53734112803146751026
3.91070326156306571794
3.84796049875775102141
3.31531295656986204829
3.08923938858742379592
1.78510503892628122288
2.96541733993716304363
5.41068387544495155197
3.66035517402341708875
2.24203032985729254161
3.39686620284049456995
1.82721098945907174619
5.21107474519412358044
5.49344154424164233319
2.35180781527743035944
3.52359191734797802478
6.04809060778689062126
8.41793917773227914880
5.94121199756413337834
7.95279824967287850536
4.22655888400954376198
3.16513822762924526275
3.39255066284941425043
.35242020373412191760
1.14394055789625712527
2.55254774685998772993
1.76275352786485723147
1.51700362557246381816
1.16314229568011153121
.85475142585432403594
2.51773707920426035894
3.10876181139694264612
4.54199295464006636981
4.94792885963409946842
2.72361891607471400305
2.24779892339150300608
3.60973683251286339531
2.87383019679312298787
2.84741988473776027326
1.55032254708496063980
1.45099965541002110880
6.26273103366255064019
2.68093267352986691895
6.70531878436812279198
4.05627908310066850607
1.99924985932224089277
3.66412336036875265027
4.70754713199984860225
1.64990908840457024739
4.33576982783911166420
3.04514367477135633427
5.01155664439702806398
6.04214365933151245195
1.91191003972467281983
1.87747170418091787549
2.97312966417544594785
.94731198662320324299
5.00504745232250520368
4.32879890962839714121
1.61619924514275157484
1.07368524251756389687
1.55871742147189719539
1.33015036743971168216
2.40002083324291166453
3.13523523838323812623
1.33424135747622513876
2.02958123759557848352
2.35189285470235654610
3.84693384398536284472
4.76416834295346872559
2.68333747411688789242
2.92795150233059700520
3.61002770072474651641
3.68553930924634149397
5.43806951040532397496
2.18362084620934135283
4.03753637754509897369
3.69995945923735764383
2.88653771844401853123
4.25764019146756928018
4.21166237963111188412
.87783825389418978088
3.54926753006870418979
4.62559185402257469861
2.84831529153638467068
2.32002155162403609944
1.83766155752358274117
3.48876769074697778163
4.59423551856018805038
2.81044480465281509502
2.48590023934992210298
1.39992856960632102102
2.33240219516274679740
2.05375266281020315077
1.76286698307047545656
2.56370825173224420075
3.08293691145310334908
1.97111643491702437786
1.48307113787572577114
2.07723373744988072297
1.44156165320807559278
1.45251506016288863813
1.89784087847216527385
3.56064600880233529569
3.28715682619494137210
4.04901222522234427496
2.93001706479672230594
2.50049995000999750069
2.72196620111271771096
1.88679622641132076226
3.04854063446758078471
3.90509923049338145752
2.82858621929754865303
3.43797905752783782136
4.69079950541482853516
2.88315799081493277781
2.56126921661897931771
2.64531661621061912536
3.23711291122197342484
4.21239836672648993657
1.80305296649876594799
1.66631329587205778858
2.02220177034834978407
2.52206264791340978298
.69692180336103705516
3.32713089613258227757
6.50183051147905577269
3.64566866294785489245
6.95461717134739200160
4.35464120221172756955
2.21156053500689869766
3.06047381952533617813
1.21876987163286900804
3.02947190117353621907
3.78927433686187466571
2.98571599453129500094
1.48707767113893549981
1.08374351209130659321
2.11277069271608365899
2.75835095664057948389
1.27039363978256755124
.85854528127525108423
2.53351534433877072581
3.38498153613871282516
4.47086121457600157521
4.78141192536263288221
5.10975537574941056981
3.13327304906546566363
3.90543211437607759117
3.81786589602096946152
1.62978526192869961171
1.78577714175089608240
2.64312315263591151495
2.84295620789346665588
6.31067349812997376559
3.10578492494248545317
5.28288746804245301255
6.03590921071548258919
2.94187015349080286358
8.47795966020126802537
1.92509740013330234615
5.30140547402290291934
5.33570051633335208125
2.25951322191307391340
4.13014527589526806949
3.18110043852752313564
4.84221023913666929084
4.14417663716207926792
2.35817726220909864831
3.50927342907331745009
3.55043659287136122205
5.20370060629932859322
3.60883637755994695360
4.21318169558351708169
4.41430628751562729620
3.78330543308361504538
2.38195298022442080278
4.65250470177086441168
2.17126691127553454456
5.83946915395569154469
6.92042628744790547386
1.02342562016005833427
