3.42638293248142362386
2.36848052556908307799
5.21855343941211356069
2.02763408927745146055
1.53762804344873991375
2.30080420722842038182
3.56192363758685876744
3.89325056989657422691
1.53300358773226620260
2.63895812774663023829
1.69082819943363849729
8.34454312709809176165
2.65763052360556695951
4.94180129102739216968
4.98964928627253320304
1.56121747364036378825
2.22934968096079534707
3.13676585036243978808
2.87661259122600657506
1.50960259671212807569
2.74045616640733737534
1.61024842803835706772
4.78988517607677104951
6.73825645104132260348
2.71007379973313641863
3.93255642044713708135
4.45735347487721686970
4.29634728577660490781
3.97090669746847615351
3.92541717528213808573
2.56425427756297210783
6.37911435859242140926
7.12042835790094864430
3.66252645041643351133
3.46228248414250566621
5.76244739672302778757
4.39988636216891401659
5.82702325377203209938
6.22929369993099618982
3.48815137286213540839
2.43086404391524948978
3.93389120337611777222
3.78392653205635058878
3.33409657928500925421
3.26009202324106182584
1.55643824162733806814
.98903993852624576406
4.45103358783103320674
2.14695132688191140557
4.09316503454234056125
3.72840448449467456650
4.84713317333039654127
4.28622211277017234325
2.38497379440529702437
1.93646585304259883817
.88226980000451109173
2.44124967997949771364
2.26481787347239027391
1.91441897190766473034
2.12435872676909254623
.93010752066629372029
4.91578071113836403197
6.56332232943042345595
2.97008417389137306584
5.62112977967952631044
3.82358470548253971854
2.96936020044722765527
2.27662030211451817317
3.61189700849844277505
6.51089087606296777504
2.85490805456147746670
4.79326610986704972447
3.86581168708461535169
1.15490259329520946400
2.10019046755288364250
1.21396046064111989264
2.15671045808193733996
4.18572574352405463473
2.28333090024201266665
3.58602844383588234806
2.92152357512308977773
1.73703770828384724504
.79962491206815211379
3.20045309292293799742
3.01112935623828688413
1.50113290550836970186
2.67003745292083871173
2.58629078024881030584
2.55370319340365003193
1.60043744020189680140
1.06108435102964363716
4.07581893611578383618
1.60074982430109921283
1.87811075285777542454
2.53862167327075343394
3.46561682821399053755
2.36091084117973417382
1.95800919303255570797
3.24058636669353406079
1.65604951616791941865
5.73839698870686359557
3.21392283665927486747
3.19465178071100575467
3.29013677527242019063
3.84890893630909381638
4.39488338866914647515
7.34787724448360664092
1.58915071657788330747
2.12494705816403811882
4.06194534675197224027
3.48248474512093161013
1.48811961884789355800
2.05246193630966028689
2.66221712112291847907
2.87786379107837555071
5.81981099349454818701
3.10591371419104300911
.49729267036625424206
2.77218325512582230516
2.86738556877166416417
2.15810101709813389356
2.95925666342073140561
1.78600111982047760417
1.76465294038232911675
3.76779776527350257411
2.01183995387307088841
3.33751404491426822220
6.42281869586866043587
4.07357336990510089916
2.44219163867211698387
3.68983739479126640822
4.10757836200357838042
3.47679450068594074218
4.15896621770362544501
2.59516858797265808767
2.91379477657572857417
5.62341533234030296091
2.24919985772718739072
1.51102614140192822806
1.38408814748194415711
1.77245592328836205675
3.44472059824886233108
2.48286125266797782052
3.39930875326146271493
3.50138544007939805678
3.45260771012288623140
2.12475880984171942319
2.13553272042364174120
1.85803659813255562256
1.19670380629460688617
2.07742629231460339674
1.48738024728043232139
1.57181423838823905724
2.39685210223743258814
2.02903918148467502677
2.11187120819428759027
1.52947703480634190266
1.37036491490405576568
2.37526840588595376534
2.92308056679934841648
1.87994680775813441630
1.93212318447867086298
2.17299332718717753544
3.61114940150639571956
2.68397093873983665382
2.05372831698839854117
1.34454453254624482147
1.84729532019111659958
2.92562813768257294562
3.50275605773510867823
3.56154460873368817615
3.39157780391368878294
2.88279378381458287756
7.15927370617997814232
5.46635161693793715291
3.16624383141917861992
3.70078370078555117925
4.61662214178288583055
3.17356266678318485666
2.46448777639492462547
1.77800449943187714082
2.23035871554330919022
6.43901389965886003133
3.29596723284683156450
7.56825607389179188309
5.74758210032705839903
6.85397694772896066529
4.96070559497336023878
5.82461157503227849360
3.40967740409558393753
3.05034424286833567213
7.14128139762045786309
3.49812807084017437064
2.58497582193721881627
2.10973932039008079914
2.02575911697319037389
3.28930083756411675528
1.42175947332873432132
2.33638609822948569948
.83510478384451851971
