4.60584411373203120481
2.47832604796059874685
2.73717007144240125676
2.59565020755879200187
2.51652538234765277719
2.22524155992107966920
1.82677311125383055874
1.83842323745105006219
2.43485112481235698239
2.76674899475901138349
2.71540052294316243103
2.91659047519530928060
2.61816729793953388611
1.23729543763807680177
3.43512736299543921291
2.42895039060084551575
4.02160415754708509078
4.24368943255747686671
2.35883445794739907178
3.39041295419894241531
4.49828856344276784103
4.11136230463820835960
5.60868968654890016638
6.90710503756819959944
7.88425012287154674842
10.64710758844861114517
10.83404818154322221214
5.71672983444206500836
3.47813168238351780780
4.09024449146991700951
.95315266353297256051
2.91288516766452707343
3.44368988150791534075
6.43000000000000000000
9.29246468919844752723
6.66343755129437676641
2.91103074528593737420
2.46989878335125303976
1.58527600120609912675
1.13340195870661878788
1.47631297494806296916
.91972822072610123862
2.40054160555487977570
2.19567757195814158090
2.84177761269244993677
2.34968082938938751516
2.00447000476435166834
2.35575890107625402557
2.27517032329450007706
1.82430808801583730740
1.43680200445294479690
2.09842798303873178215
2.19346757441271513317
2.38667132215560842189
2.25000000000000000000
2.14107449660211496341
2.47139636642931074776
1.54576841732518264050
3.23737548023086132720
1.81102181102271653452
2.33045060020589151298
8.04333264263016788480
2.45578907889093765307
6.13608996022711518394
7.75276079858007743499
4.44641428569133670194
3.10344969348626626002
4.35446896877219691135
8.38022076081531398698
5.08944987203921677450
4.93486575298659973587
2.64871667038964361934
3.06243367275113405026
3.79139815899095461909
.90188691087075878462
.76478755219995572310
1.59956244016918576806
1.44062486442515631044
1.85445409757157375696
1.07433700485462195588
.62233431530006442350
1.27929668177479456792
1.08839331126206394010
1.21507201432672294100
1.49003355666911072422
.71512236715124496237
1.25817327900412827039
2.44476992782552035382
1.59254513279843971899
3.84636191744874678791
2.50211910188144321276
.86029064856012470781
.63340350488452461672
.24000000000000000000
1.08083301207910928612
1.50156584937191482464
1.20370262108213422299
1.86898368104165104291
3.25817433542160232884
3.15007936407957823376
3.06543634740635252356
3.17814411252856814186
3.18531003200630377821
2.77665266102910322224
3.93246741880972231914
3.55851092453009057781
1.03966340706980737708
.95634721728041850354
.42166337284616030543
2.94329747052519310929
3.44043601887900249322
2.78556995963124214619
2.19474372080204389407
1.06028298109514141158
1.11588529876506572784
1.07456968131433896323
3.29352394859973653721
3.92613041046779290499
.90493093659129589954
.88774996479864757018
.67238381896056957387
.56824290580701489299
2.72626117604311711329
1.70405398975501946975
1.84659145454537398603
2.67286363288514964223
4.93509878320586405665
4.72433064041880963689
2.75929338780782787567
1.08494239478416548786
1.84442402933815628599
2.14121460858084003498
1.72710740835652719980
1.08378964748700197205
1.51874948559662070425
2.08722303551872481723
1.49355281125241768265
1.22200654662730837597
1.12325420097144528774
1.23798222927471782025
2.81462253241886770766
2.70697247861887210580
1.94239542833069909385
1.33958948935858704728
2.94151321601654545413
4.35707470672698014045
2.36512156135789350255
2.48598069179951596823
2.00422054674629059397
3.03981907356342509018
3.47636304203113976207
3.39390630395124490979
3.34130214138141060151
1.89428086618642695933
1.52377819908279302038
2.16614865602525072868
1.89496701818263844948
1.62769776064231285775
1.89496701818263844948
1.82554101569918170929
1.83578321160206713553
2.16974652897521649659
1.69381226822809380665
2.66970035771807170052
1.41000000000000000000
1.74499283666151477986
2.78116881903993738846
2.33126575061703336473
3.57261808762145747494
4.20140452705996878755
3.89832015103941918404
10.00128491744935741684
3.51769811098110009489
3.74359452932605937154
7.19770796851331000150
5.42676699333958874184
4.15609191428678583790
2.59586209186851834962
5.75789023862039245802
3.93788014038010049740
2.83837981954494596142
1.74040225235432282808
5.30555369400781769149
5.09228828720448622638
5.01260411363195527591
6.69364624102588797693
6.34244432376035919112
7.49621904695960708957
5.54003610096540796900
4.45512064932028524295
2.63153947338815345386
3.31200845409549037884
2.95252434367610252901
.97396098484487560093
2.59953842056623583191
2.90645832586672400063
5.06373380027031041796
.80603970125546545562
3.22654614099969132922
3.67462923299752787453
