4.78967639825489671880
3.62142237249399010226
2.71151249305622783442
2.48537723494844943025
1.69590683706387598253
2.03083726576011008553
2.45906486291028931858
2.48983935224744971898
3.01205909636580669794
2.30419183229174736175
5.66803316856914661439
3.12006410190560027218
5.38499767873673275179
1.47583874457882423490
3.62041434092839710704
2.81476464380239080762
1.57711762402174683199
3.13909222546901288075
3.00173283288170068281
3.33001501498116371481
1.64371530381632694708
5.12922021363871644796
3.33958081201817902647
2.01457191482458625086
5.38275951534155016257
1.17855844148688697939
2.10561155012029699874
4.34034560835885510247
1.00424100693010938209
4.23685024517034352071
5.48712128533714844111
4.32519363728376905601
4.77725862812554874137
5.65263655297242686611
4.39360899489246766996
2.52746908982088245834
5.89728751206857812632
2.54505402693145199958
2.08273858177160582411
2.91297099195992681275
3.39166625716623244528
3.85460763243160716906
3.95063286069460015572
6.39722596130541569914
1.39104277432435556287
1.85569394028217918303
1.67812395251363955972
2.84432768857598403121
2.26327196774934673337
2.10879112289482098910
1.42277897088760768624
2.00059991002698987925
3.41193493490130904635
3.35757352860663350804
5.27910977343718436150
4.51745503574745058026
2.30228147714392212194
3.47777227546600583915
3.85500972761418593025
6.52105819633592903576
1.51657508881031011085
3.08405577122074755777
5.79823248930223562831
3.91495849275570225680
3.43437039353649215562
3.10646100892961474814
4.49347304431661189864
4.60975053554961908851
5.08370927571591174679
1.57082780724050081987
1.24943987450377138986
3.64388528908361768149
2.25330867836610437175
1.20120772558288185528
3.61282437990002497713
4.27114738682710409695
2.98028522124980514422
2.71081168656179435469
2.45833276836151700026
2.65371437799926011555
3.00474624552556850349
2.03943619659944252937
1.93540693395471744134
2.68093267352986691895
2.90275730986935936783
3.16963720321427322812
4.01722541065347738348
3.90983375605664338839
1.85099972987572313151
2.82258746542954803081
2.14291857054812047750
2.65699077905814343832
1.99002512546952532189
2.84998245608635282349
2.96035470847667171912
1.01612007164507876381
2.24546209052836160322
2.18533750253822349947
2.36683332746520197380
1.91762874404823208469
3.51330328892909557188
5.12973683535520172789
2.84550522754747368606
2.04907296112168734068
1.46731046476197395107
6.19675721648024548455
3.49692722257698694589
3.21802734606155887464
2.13925220579528677507
4.61872276717276028368
1.90383822842173226490
2.56635928895390639143
4.18498506568422535392
4.78060665606364230606
1.44062486442515631044
2.01695314769580108856
3.53694783676547879054
4.94168999432380420137
5.22968450291219766618
3.62977960763460127740
2.59007721892610761598
.94583296622606678944
5.65230926259347560834
3.73067018108006969391
5.30397963796996490694
1.35329228180759236900
6.76096886548074557837
3.04711338811013069921
2.87202019491507057891
2.97260828230024280136
.97051532702992382983
2.70802511066644284172
4.48143950087469104505
3.87898182517010512481
5.48591833697877788597
3.42490875790874172011
4.95742876902936448031
4.35183869186347484958
1.59166579406607843329
4.56861029198157806715
3.71939511211164550027
3.71792953133864547699
2.41375226566439497977
2.33711360442747840335
3.59157347133537002352
3.26050609568514685210
1.24438739948618894716
1.41806205788040179126
.98437797618597704992
1.58606431143254717645
3.16704909971411715718
1.44142290810157447004
1.43359687499659401287
.84551759295711878167
2.21108570616337710519
2.30935055805739462877
2.79980356453805523045
2.95854694064501873334
4.02345622568457926052
2.91048105989370767456
1.94627850011245821191
1.66919142101797300125
3.69741801802284725113
4.57375119568172400603
1.84837766703669085420
2.38568648401251584070
.97575611707024414636
5.35148577499744457650
5.41593020634498206418
6.25368691253407728510
2.37269888523596689449
3.26736897212420746217
3.18598493405100709054
6.52443867317334817478
6.03834414388580538777
5.24557909100606355541
1.83414830370938107519
5.98877282921968914451
1.24527105483103557119
6.88257945831357620077
4.71581382160067892559
5.37818742700549624495
1.42972025235708261614
2.03901937214926920860
3.00474624552556850349
5.63780985844680646941
2.69157946195166231432
4.97349977380114093033
4.36716154956511770211
5.25377007490811306821
2.19376388884492307389
3.96918127577967897477
1.20166551086398414615
2.44106534119838750374
1.62209740767932922555
2.07386113324880072597
3.69380562563868539030
4.82831233455334784434
4.00609535582966372305
2.37960080685815871993
