3.34333665669492518128
1.65027270473700800405
2.18691563623291147751
2.05272988968349169892
.86769810418140248464
3.83564857618630124679
1.92616198695748328279
3.61557740893484397819
1.76334908625603682535
1.61310260058063262673
4.37129271497574273346
2.53073111965692633516
3.31874976459509522930
4.61224457287338568992
2.92128396428693662180
2.73777281745582389000
3.00351460792185926734
.56648036153074185807
1.76553108157290734228
3.99062651722758941524
3.59830515659803372380
2.88369554564971369482
3.81933240239704719000
1.79245641509075472415
1.60648685024185616581
1.74051716452323445622
4.98288069293255304607
.41291645644125156373
.99869915389971168233
3.09181176658605787123
2.49499498997492978933
3.88408290333767206524
5.13647739214337436180
5.88707057881931631254
3.77662547785718355046
4.69439026924690188779
1.13472463620034266003
3.54193449967669503768
3.56536113177893944460
4.72010593101468433558
3.74966665185053483308
1.06780147967681708021
4.55594117609084149597
4.40084082875079679926
2.65875910905820875572
2.23313680727357140572
4.31362956221324132375
2.91881825401993811773
4.34309797264579330834
2.54536834269620003066
2.58000000000000000000
4.32577160747074116721
4.52362686348023183192
1.19121786420452912883
1.84442402933815628599
2.37143416522576059473
2.79261526172152829907
2.95611231180413711966
3.08152559619419679419
3.80323546470633343035
4.44177892290915352350
2.43417337098243682187
5.21936777780604381889
1.56006410124712503750
2.90174085679614057434
3.14672845984524060267
2.76689356499305914302
.98848368727055885593
4.09777988671914880343
3.32791225845874728644
3.44524309737353657178
2.09697401033012328557
4.90627149676819250520
3.13186845189896186354
3.42360920667064452851
2.42515978855002459402
2.58197598749484887613
2.74532329608008098438
3.54959152579560906298
2.99407748730723400427
3.38427244766138767795
5.03031808139405832543
2.02721483814616945004
3.11030545123786837374
3.56310258061706665762
1.69354657449979804209
2.87760316930601117240
2.56074207994479600225
1.43975692392848036617
4.25982394002381276818
.77472575792986255918
1.43906219462537476528
1.61827068193179598244
2.65126384956307206086
2.58220835720125419936
1.68327062589471928324
1.37175070621450747624
2.49865964068738261597
3.23451696548340893070
.55686623169303415753
.57896459304520514003
1.91274671611272149636
3.77561915452287110043
2.59882665832102007087
6.09647439099025495119
3.27064213878559327779
6.11310068623116987181
5.36370207972068485950
7.65212388817640615177
5.02845900848361296453
3.92184905369903291998
3.63608305735718858867
5.15563769091661443913
1.00079968025574428637
2.63190045404456739304
4.07415021814365602804
3.69006775005554606687
3.89361014997649706917
3.93047070972421826035
4.41054418411152525662
1.83956516601070699878
4.42974039871412780739
4.93443005827420761912
2.45004081598654188624
4.27293809924740192227
4.55495334773035847829
7.58461600873768691280
6.81957476680181284160
6.42443771858674025701
3.31022657834777225389
2.67533175512869805281
2.15647861106944438898
4.60601780283142197062
1.20855285362287734743
1.10927904514599030624
1.39935699519457864465
1.80936452933067083490
2.31017315368350690216
3.56827689508535758195
3.69303398305512482593
4.01123422402631581854
1.90981674513551168622
3.11781975104398875190
3.70751938632827650383
5.22369600953194825169
3.70487516658793781820
3.68061136226035144265
5.01957169487596820001
5.35967349751829565680
2.25304238752847257656
4.67334997619480666259
4.34384622195583714703
3.04386267758583353605
3.11456256960748823547
3.07275121023489306508
2.77627448210727175570
5.16234442864867357350
3.37872757114272236200
1.84759302878095965173
1.12111551590369134450
3.61162013506404075701
3.98903497101742641516
.92525672113203263128
1.50003333296297119318
3.22015527575922959560
1.58410858213696954896
4.47166635606906611706
5.61862082721373893566
4.61740186685109746469
6.59337546329647451846
2.26419963784115114410
3.15471076328718287777
3.16648069629359970301
3.42619322280574246074
4.32593342528522969871
1.24619420637395036799
3.07406896474363437466
3.89949996794460815135
5.39123362506207849831
2.95763418968607407461
1.62914087788625572870
3.72942354794946828924
2.80932376204666022470
2.73254460164880016913
2.33929476552229304559
2.34976594579119730675
6.22274055380746209043
4.07183005539278370310
1.84013586454913703472
1.11543713404207590062
2.37379443086380165178
5.03528549339558302666
6.86694983234914859531
4.70290335856479194141
3.25582554815211191161
1.87328588314757766446
4.59858673942331982626
4.86084354819202137216
3.15760985557114069506
.50655700567655759152
