5.08799567609879165471
3.10324024206956945036
3.75962764113681875137
1.98678131660230789477
2.59337617788087195192
3.52932004782790986825
3.73391215750986836200
1.91065433817841577683
1.63945112766437780141
.93770997648526700528
1.03111590037201928505
3.12900942791804320252
4.85446186512985185691
3.24128061111653830224
4.70935239709240701455
2.05616147225844108801
3.27722443540261673058
5.13751885641308376502
4.15929080493297558993
2.80017856573469257030
2.54003936977362616626
4.92441874742593351686
2.73826587460020032292
3.32416906910584197499
6.18482821103383598256
2.96907392969592456391
2.46310779301272156078
2.87529128959136938432
7.67630119263177426816
2.19000000000000000000
2.62165977960527898853
3.93183163423867884216
3.06302138418914731546
3.25868071464511539678
1.47814072401784533202
5.91166643172633684077
4.83369423939909546281
4.19291068352284365709
3.83713434740041386526
2.79231087094542537434
3.81419716323107764958
2.87814176162328738063
2.30653419658152911591
1.32755414202208717299
2.58298277191312292345
2.39334493961902616508
3.35563704831139328628
.90044433475923429788
3.48789334699328213274
4.28432024946781960332
2.04636262671111153187
2.72912073752701531151
1.76669182372025483939
1.59859313147529818854
4.17948561428317396236
3.40509911750010589908
1.05834776893042109346
4.47229247701891697288
5.24315744566191717942
2.37831873389585862716
3.39596819773095048340
2.27563178040736634461
1.08466584716215712513
1.26889715895339603364
5.64797308775457958980
2.83563044136572916711
2.48583989830399174080
8.44403339642851009964
2.68734069295279343447
4.67530747651959250259
4.76269881474778961274
4.48961022807102933034
2.26876618451527525406
1.69295599470275659023
3.01464757475894684388
4.49597597858351551935
1.87749833555185875163
1.70976606586983121116
1.15870617500727940152
2.12992957630058745564
3.08379636162960669642
2.65657674460949838376
2.90251614982587133924
3.47144062314192549693
5.16647849119688100148
3.21605348214236014436
1.51370406618995378848
1.41658038952965884971
3.42616403576944926170
3.04080581425384675943
2.69803632295786559152
3.12342760441153814170
1.93426988809731513123
4.65270888837889792169
3.59285401874331654566
1.40121375956704050630
4.14603424973793481082
1.75456547327251370371
1.66835248074260374505
2.88845979719296075924
2.00621534237977554152
2.62529998285910176097
3.42305419180006555735
5.20277810405171902138
3.35583074662593792738
3.91235223363132272050
4.13755966724348278612
4.15737898200296384766
1.20656537328070210122
1.68428026171418395566
3.03448512930941877766
2.10796110021034306561
1.89583754578286585847
1.08194269718871895530
2.34190093727296671919
2.27809130633519603886
2.35730778643774050551
1.66327989226107101399
5.27630552564955245124
3.33295664538259483193
3.64797203936653001315
3.28732413978299377559
6.59965908210416578030
3.13988853305336302666
3.41341471257156211373
5.34813051448821693768
4.54622920671626498229
3.55588245025057036122
2.53063233204667643201
3.07356470567970961661
3.29936357499442610307
5.27720569998934189736
2.83681159050085665007
6.26285078857863258290
2.86546680315790781279
.65946948375190189690
.60074953183502357183
.82200973230248314378
1.90588562091223092369
1.35712932324078828003
3.68359878379825725558
3.10523751104484759668
2.77528376927477453944
2.85686891543871854981
6.66653583204950605476
6.56009908461754867113
3.83219258388719290105
1.38917241550500130854
1.97651207939643009913
4.88723848405211345278
3.02228390459930153796
2.17432748223444942962
2.02630205053442118851
1.77420404688975952070
3.30414890705609694983
3.45181111881864127006
3.84381321086235926891
3.19759284462546919804
2.85128041412976426316
2.10404372578138213938
1.96522263369827897980
2.84299138232953495528
1.79758170885220124393
1.19524056156072615104
1.23227432010896015425
3.86544952107772324482
2.82474777635101431722
5.13920227272677018923
2.54560405405082587050
1.22217020091311341054
4.12308137198382248954
2.07028983478159405273
5.71844384426392701810
5.17086066337123417947
4.26537219946864660482
1.52767797653824937242
2.99634777687771083606
5.09867629880540661098
3.47439203314766999538
6.43251117371746195398
4.49593149414000746738
4.13386018147687235007
3.67415296360943579047
2.22047292260004828008
6.26463885631087276963
4.76909844729588277766
2.57336355768088081472
2.61606574840924057384
5.17475603289662342705
4.70631490659093061925
4.27181460271861517499
4.43560593380430944702
5.23000000000000000000
5.99949164513127728715
2.95516497001436452801
3.20767828810808269934
2.42051647381297531213
1.89654949843129588696
3.26502679927745769184
5.03632802744221576185
