2.02314112211679390796
2.57538346659288779398
3.47801667621073950479
2.52176525473724457055
1.96524807594359445539
1.57130518996151731033
1.03440804327886004697
.87057452294447486892
.48052055106935853092
1.23243661094597477881
2.72646291007231565456
.72249567472753772880
1.48398113195552456121
1.15178122922714797991
2.90463422826351751989
2.80809543997350631358
1.62006172721905877384
2.30542837667970071336
2.45650157744708155113
1.79688619561729618180
2.28247672496347703720
1.31525662895117164279
1.88403821617290980045
3.23700478838076481458
3.53680646911871614213
7.87393802363213930828
7.30813929807033713740
3.71748570945471154207
9.28933259174199231125
8.51651337109265624852
4.76765141343198454270
6.46781261324104843611
7.84784046728780031461
7.21441612329092090055
5.80473944290353139361
8.71033294426797442152
3.52383314020400233819
1.31015266286032483871
1.07522090753481909774
1.61830157881650724168
2.22238610506815399320
1.88883562016391463434
1.79811011898604252307
1.06343782140753297546
.91945636111780748286
.78032044699597613453
.64148265759878497279
2.20006818076167812204
1.66210709642910796399
1.28662348804924278826
1.10145358504114915790
2.66300582049683098322
2.54204641971778320238
1.45993150524262610009
1.73153111436092883164
1.74232603148779247067
1.82002747232012956777
1.95601635984978407848
.86648716089737879046
.64202803677098089794
1.76232800579233830661
4.54574526343040916334
2.22553364387061109195
3.76485059464515802716
4.41283355679771815252
3.78668720651706324693
3.37189857498709471488
5.42082097103381564904
2.51646577564647200985
2.84824507372522282398
2.30054341406546814160
.75173133498611057965
1.00528602894897529755
.79359939516105983483
2.92685838400152186112
2.19959087104852296893
1.36403812263440789802
.76974021591703262129
.39610604640676718657
.22934689882359429888
.44384682042344293445
.44463468150831419371
.87509999428636725365
.42649736224272243440
.94768138105589053511
1.27636201761099111766
1.77533095506161892642
2.45847513715310938468
2.79059133518327975188
2.38098719022173657724
1.90863825802586279395
2.94925414299954828426
2.97608803633225877056
1.58335087709578763475
1.21626477380544076990
2.23839228018683088023
3.19477698752197725291
2.87730776942613492119
3.75534286051220628091
4.37517999629729519543
3.25731484508329344887
4.09909746163713458002
4.57389330876879986718
3.14599745708733846077
3.13108607355339243155
1.84588732050469429513
1.94033502261851677375
.69899928469205174144
.81981705276238307825
1.29031004026164192287
1.29730489862637919509
.62257529665093522725
1.41124058898545006382
1.33048863204463344260
.73763134423640106048
.91443971917234653767
.92784697014108959151
1.31757352736004832042
1.25423283324907421273
.47696960070847282457
1.46454771175267622279
2.21560375518728528806
1.36762567978230066576
1.62929432577419847835
2.35036167429610713519
1.66379085224074963958
2.38556073072977959766
2.36883937826100822356
1.71330090760496592926
1.40010713875760236407
1.73352242558324003932
1.28817700647077224563
1.92169196282859027832
2.40172854419478472417
1.95596523486487356330
1.56092921043844906323
.87114866699088738260
1.38235306633291047943
1.33633828052630446226
1.21667579905248382482
1.03092191750878979942
.57948252777801678944
1.09790709989506853539
1.03150375665821014013
1.86769911923735724612
2.13046943183890812660
1.91334785128057673840
1.15277925033373150145
1.41495582969928782155
2.10356839679626295720
.97334474879150604066
.83916625289628991371
.92184597411932108518
.75947350184190099892
.85802097876450550106
.89716219269427531979
.89699498326356318591
1.62947844416549432303
1.62938638757048660940
1.88440972190232557184
1.66733320005330668159
2.03206791225096608482
2.66769563481293720094
2.60180706433048182697
2.25577037838517597642
2.43731409547477076908
1.90170975703444294023
.92027169901067804161
1.06831643252362265627
2.25862790206797896982
5.52892394594101827748
5.92420458795946715404
3.43467611282344932547
10.44742073432481228700
4.64686991425411004048
9.67621826955138502160
6.34190034611077754358
3.39573261609332250439
3.43710634109566065954
2.19692967570653021119
3.59391151810948178218
3.06669202888063085009
3.37817998336382308273
10.67929304776304001204
7.63615741063527317331
8.59672612103002848710
9.81091738829758977804
12.99774595843448542048
4.87527435125450145163
10.39232890164663716509
3.89506097513248179959
7.91851627516165429772
3.06027776517099833010
2.93576225195433698627
6.25720384836549815276
2.64327448442268288014
5.01164643605272697413
1.10855762141622570687
.85381496824546241963
4.57262506663295104672
