3.29508725225903540109
2.48022176427834775179
5.06727737547492065448
1.70296799735050805211
.99559027717229139280
.70049982155600867790
1.40939703419582943295
1.95933662243117376994
4.89233073289204355279
4.90294809272951614021
2.22640966580726108740
4.49044541220578696391
4.93335585580444419657
1.74301462988696684088
3.19070525119447534343
3.56621648249233462038
5.84584467805979258383
6.19531274432534196661
1.65078769077068175235
1.75516381001888253951
1.89346243691286360834
3.11180012211581481581
5.15718915689544976767
3.26234578179566980125
4.57512841349835775295
2.42581944917588621431
5.44164497188120496737
3.18505886915768010581
2.96927600603244696074
3.67653369357605643037
3.18807151739103870436
2.55618856894400496026
2.91158032690152651402
3.02691261849429673951
1.61635392163968841592
4.11054740880092514229
6.41482657598784972795
3.68082871103777389561
2.02071769428586931448
2.48004032225284595270
1.83512942322878143100
3.12542797069457353379
3.25269119345811861224
1.64258941917936388489
6.62972095943713154404
3.18135191388818222327
1.90625286885030024864
2.74105818982377679839
1.68893457540545364962
2.09023922075919339017
3.56300435026397350594
1.81383571472170543982
1.35948519668292085452
4.46897079874102556212
3.92022958511360658294
3.63011019116500098563
3.65822361262949588982
2.71678118368042294566
3.18949839316466814237
3.71393322503245876546
4.10644615208820192316
1.89697127020943572328
2.34531447784726728744
6.67832314282560004965
5.79431618053416204841
4.37335111785001776799
2.94062918437534384747
6.74080855684242081413
2.99006688888392595437
2.33137298603205059956
1.21412519947491411912
1.94643263433389854372
2.21607761596926022468
5.94401379540794807533
5.85745678601216826766
2.32122812321408858119
2.06477601690837158948
.94424573072903009022
1.41343553089626270368
3.20850432444776362031
3.69503721226187382493
2.49321078130189385718
1.96743487821071221345
1.95783043188116779257
4.17424244624099427740
3.05421020887561044770
5.43802353801452389410
5.90366835111865002534
5.05226681797388844121
1.19670380629460688617
1.22347864713692490334
3.04898343714753557203
2.01029848530013074772
1.94663812764468373339
2.68482774121543969121
3.86694970228473491584
3.49651254824003169914
3.22834322834484251807
1.24056438768811995911
1.22560189294892980758
2.04514058196496604554
1.31331641275056027527
1.85798277709993856659
1.85391477689779472775
2.87160234015784295536
8.35620727363796308075
.98127468121826112873
2.95425117415564379428
2.24109348310149704027
1.70381923923871689564
2.26106169752176377890
1.39549274451714724778
2.14254521539219797161
2.82391572112200260685
2.14459786440255507403
2.25568171513624678758
4.85176256632576775974
5.11238691806478982191
3.03522651543505068925
2.96319084771804733650
3.41657723460190491271
2.40742601132412790087
4.04405736853472443417
2.45572799796720157848
4.14060382070055091620
2.70632592272253860551
.93316665178305637949
4.06162529044716285236
6.50561296112825943450
4.66370024765743279647
4.22305576567489811782
2.53165953477160905543
5.08127936645880552002
8.14012899160695118772
1.62342231104540386010
1.15390640868313059213
1.84805302954217198512
2.29525597700997175728
2.97845597583714505370
3.36472881522419277420
2.82414588858295349925
3.17238080942373625372
2.73316666158505599462
4.21697759064474991667
4.52509668404996624111
5.48110390341215845117
4.93583832798441646851
1.05190303735658069445
3.88634790002130406287
6.71640528854535400572
2.35129751413979936610
2.64773488098789830480
2.34974466697979761581
2.62118293905633377865
2.39785320651619539460
.97575611707024414636
2.38631515102259701509
2.25924766238675125911
1.68742407236592426182
1.54576841732518264050
1.65544555935856736949
2.10860143222942917548
2.14953483340000796554
8.41468359476457082549
6.98107441587611211735
2.49975998847889394727
2.54809732938127777474
2.70397855021078153522
2.83804510182625533270
3.03061049955285411962
1.96522263369827897980
2.37522630500758811379
2.27345551968803647407
7.25157913836703570729
3.47083563425293880625
3.91279950930277029444
4.71616369520821446221
5.48060215669774738667
3.52411691066003086991
5.26471271770834614454
.76974021591703262129
2.87022647190078016672
1.40474196918864782666
4.06477551655684916988
1.93134668042793394291
3.05671392184482975701
2.65394046655157658606
1.93664658624127907763
6.83216656705616333438
3.31224999056532567152
4.25626596913303809574
3.80134186834070476503
3.73838200295261425815
1.74484956371602420159
1.17736995035545220933
1.80416185526687155929
2.69519943603437257768
3.26672618993389159744
1.41964784365701059589
2.09265381752453265152
