1.38018114753100435182
2.32280003444119140989
1.50827716285833884530
1.08434311912788933416
1.24695629434234783046
.96317184344228003392
.99121138007995045415
.88667919790643560580
1.42260324757115608097
1.70815690145841110903
1.27145585845518050371
2.30073901170906388401
2.85961535875019387195
1.38902843743387773738
1.55177317930166585283
1.52410629550566452609
1.30514367025243623176
1.51528875136061113703
.93834961501564010605
.59539902586416783622
1.78555313558572095494
1.70672200431118834274
1.05138004546405578050
1.57155973478579553482
3.48967047154885385175
9.69373509025287940378
4.15905037238069527086
4.05107393168774445164
3.79888141431132330100
3.98918538050063549562
4.18990453351863376319
5.13183203154584941643
9.13027929474230267919
6.49867678839315719357
5.69477830999592116694
4.45885635561407158457
1.80216536422160771700
1.75119958885330943307
1.35366170072141732290
.64784257346982067569
1.29460418661458066520
1.24711667457379463906
.92336341707910434196
.67238381896056957387
1.67149633562266597031
1.82041204126977802189
1.44031246609893646369
.94053176448219971854
1.30284304503650784158
2.38953970462932463071
1.62052460641608277925
1.88122300645085669226
1.57813180691601295663
.80081208782085700982
1.45210192479729190668
1.19075606234022592105
1.32702675180269067550
1.91096834092038269957
1.58126531613135687597
3.48369057179308047683
5.27404019704059517703
6.18948301556761685569
7.70757419685337832946
16.50113329441344764994
3.69096193423882387240
4.81253571415319472847
3.54508109921338753003
5.76051213001066425147
3.86265452765323034137
.43920382511995498329
1.99979998999899987498
2.30542837667970071336
.73986485252375653041
1.62877254397291459254
1.80382926021283954556
1.32834483474736333240
1.31931800563776131615
1.05394497010043176162
1.16661904664719065266
.70887234393789126014
.89375611886017317492
.94688964510126521923
.55587768438749184960
.50019996001599200447
1.34632834033901254722
1.66883192682786363331
1.01838106816652871239
.99368002898317323483
1.07582526462246646757
.86145226217127086954
1.00204790304655595342
2.03238775827842458494
2.25789725186953536005
1.43167733795014021657
.70206837273872407362
1.56748205731357575881
.60539243470661243472
.97683161292005696430
1.53248164752469384996
1.39158183374173148193
1.05161780129474795801
1.22155638429013992035
1.10878311675457973668
1.04508372870311209338
1.06386089316225925459
2.14611276497764674192
1.78846302729466565844
.88481636512894583780
.71449282711585005806
.91853143658777406049
1.33813302776667163466
.59849812029780009994
.43840620433565946512
.69498201415576216334
.52057660339281480236
.70661163307718052314
1.23555655475579101473
2.07858124690857345375
1.32815661727071931943
3.13557012359793988390
3.39732247512655177442
3.69001355011062256126
3.63601430140201731302
2.74395699674758022618
2.97953016430443274678
1.98017675978686306770
1.93571692145313437614
2.25091092671389375882
.79050616695886693126
1.38920840769122902684
1.77614751639609033910
1.64881775827409136987
1.82093382636492312485
1.83493869107390070314
.95462034338264549682
.78930349042684462209
.63914004725099177593
.63190189111918315258
.76850504227363401210
.72759879054324987243
.83642094665305937685
.94339811320566038113
.19924858845171275139
1.07200746266059174295
2.22634229174221994789
1.88650470447332836753
.61627915752522411586
.55551777649324598368
1.21004132160848126963
1.37702578044131040153
1.12698713391058728625
1.31689027637081442609
1.14429017298935150822
1.07874927578191217064
1.35716616521338314713
1.62508461318172599329
1.60156173780469668162
1.30698125464751788841
1.33544000239621397975
1.53717272939640716226
1.42755034937476023161
1.08245092267501901741
2.94796540006832508956
2.77380604945623406144
2.31883591485038026612
2.64548672270340453508
1.40174890761505500093
1.28319912718174804718
1.62708327998292699559
1.59790487827029303427
3.36918387743975766520
2.95088122431249340178
4.32375993783188661432
16.92018025908707628624
5.37716468038686722905
6.23206225899581333763
2.39081576036297702836
3.17926092040272781383
1.06812920566755405988
2.98971570554793721175
3.61654531286419802822
4.18339574986636902568
6.71738788518275160054
8.39820814221700509050
12.91560683824031552809
7.61269334729831344728
2.77463511114524750944
6.74301119678738187396
6.03046432706470787560
3.71281564314739441117
4.93739810021432239785
3.79357351319306846512
5.51602211743209021009
1.84699756361506876785
2.36002118634558024596
8.98550499415586547254
5.98735333849606707842
5.57619045585783412990
7.28244464448580618251
8.40563501467914082544
