3.44398025546024290792
2.16011573763999969613
.77323993688893229591
1.75920436561531986211
2.32753088056850493852
1.35366170072141732290
1.38874043651072535477
1.57749801901618881240
1.59289045448831791284
1.11292407647601909538
2.70603030286063130775
3.13888515240682229074
4.01737476469397860930
1.49856598119669058501
2.76019926816887624505
2.10907562690388132037
2.35826207195044376391
3.67009536660833923894
4.43488444043359488300
2.64939615761780706935
1.44810220633766040816
2.62043889453656217096
4.38074194629174659400
2.09861859326557954710
9.87274024777315814092
6.89449780622200212764
15.43548185188917255914
6.71113254227630345643
5.88732536895999998883
2.53039522604671383378
7.72483009521892332474
4.35825653214677118781
6.15114623464602733712
2.08796551695663786410
8.51822164539054477871
9.44722181384559214055
4.59261363495776770529
1.84989188873296052408
1.62218987791195393095
1.88581547347559962691
3.66187110641540740727
3.86343111754305773593
1.92740758533321124833
.81271151093115446287
1.44402216049477578645
1.68703882587212556422
2.12673458616725373458
2.39455632633688531490
2.73572659452658024563
3.35202923614935077135
1.38859641364940878922
1.59574434042549560282
1.30969462089450455221
1.12365475124701893461
1.53179633110932864644
1.60729586573225528221
1.10276924150068676097
1.19820699380365828342
2.37269888523596689449
7.01305924686224221548
2.57482038208493292950
4.25998826289462914994
9.40581203299321732729
5.40844709690313971920
7.64304912976490031406
7.33501874571565086194
1.63960361063276510460
5.31762164882008129504
3.96677450833797710589
4.21561383430693281522
4.72119688214757678093
3.27948166636131692218
.34058772731852802332
1.53495928284759397392
3.69860784620375778491
1.75057133530741899898
1.78650496780725465745
1.08245092267501901741
1.74942847810363485005
1.38115893364956373510
.89604687377391145050
.50724747411889593361
.80162335295324324776
.85848704125339014927
2.16538680147450792574
1.22204746225341018871
1.48734663074886480881
2.26717886369823058122
2.71228685798534222813
1.40787073270240261785
2.43626763718602969090
.97128780492704632742
.71742595436741762750
.71930522033417774994
1.45859521458148216427
1.13727745075685027405
.90349322078253581105
.89649316784903609213
2.00044994938638742239
1.91950514456200403276
.81326502445389842302
.95509161864189762137
1.57556339129849040802
1.82611609707597725890
2.11933951975609608788
1.28117133904876282944
2.17128993918361810291
1.96188684689000349085
1.42439460824590318301
2.05730406114409835916
1.87042775856219584709
1.58612735932522139947
1.25801430834470241330
1.60539714712590666170
1.71869136263611914388
1.66523271646938284624
.75239617223906714928
1.15204166591317347197
1.33487827160381931208
2.49481462237177053146
2.62041981369398136368
2.59048258052433157063
2.14378170530490347311
1.24342269562687329935
2.35766833969496226935
1.04527508341106074602
1.62357629940819227271
2.39635139326435178802
1.01715288919611293605
2.04306142834717527247
2.21309737698095878430
2.10221311954806332856
2.97681037353742100936
3.66101078938590400871
3.81786589602096946152
3.38591198940551318046
2.17041470691662979249
2.37427883787898846697
1.77803262062314256068
1.94620142842409814114
1.54635054240621650838
1.11310376874755032876
2.01201391645286588957
3.39484903935359105092
3.01496268633626708106
2.76324085088506173814
2.27587345869668245929
1.99924985932224089277
1.44647848238402772307
1.04196928937469169538
1.12911469745106054925
1.67026943934204819061
1.04206525707366330945
.89760793222876545611
1.62259052135774539042
1.36447792213725466346
1.25099960031968035797
1.24631456703353989161
1.03193992073182244924
1.11973211081936915220
1.36345150262119701108
.91678787077491377552
.65122960620659745923
1.25115946225890806712
2.61421116209077494635
3.14470984353087812825
2.48945777228696932159
2.49883973075505584734
2.86986062379342735913
2.55521036315994930257
3.70989218172172761056
3.46897679438764767301
4.42620605033249666493
7.71884706416703141561
2.96192504969318897855
1.42130221979704232079
7.28058376780323845481
2.76436249431944073321
5.74000000000000000000
6.91153383844715036493
8.99397576158619631400
8.74585044463944626855
7.27859876624615158488
4.16520107557846479532
6.34234972230324113968
2.52416322768556312712
2.94268584799669025084
4.54057265110910872649
3.64006868067073701471
3.80842487125583192854
6.53853194532228312183
1.83398473276088097319
3.80277530232855067647
3.47321177010558917056
1.53824575409782945384
4.06441877763598567891
4.34308646011105793182
2.75247161656573672287
1.08977061806602218559
1.88854441303348754472
