6.18145613913097340194
4.14629955502493813727
4.37122408485312040745
1.42961533287804380627
1.63603178453231769723
2.12365251394855085882
5.71385159065231584878
1.47610975201710526467
6.80603408748442869565
1.18705517984632879491
2.35418775801761402329
4.08442162368186470260
2.86867565263136710716
2.12136748348795051478
4.38857607886658380532
6.07971216423935648805
3.62008287197959046944
.70901339902712699016
.97882582720318531652
2.41853261297010423423
2.33728474944752933926
3.84836328846433104002
3.38983775422954424324
2.85054380776721268757
2.52956518002600597150
1.57413468292900528416
2.01000000000000000000
3.76810297099216756529
2.90965633709549966845
3.80992125902885294787
4.99909991898541671867
4.82375372505686695530
2.43092574958594734944
2.42113609695944188985
4.75305165130782057652
3.17204981045380181148
2.47747855692032176264
4.14217334258236952407
2.35136130783850400586
1.19858249611780999010
2.52723168704414593884
3.52790305989266093949
3.77074263242666828392
4.07953428714602176954
2.11440298902550740789
4.14511760991168982778
2.75052722218850253647
4.29483410622575735361
5.70491016581330577572
5.03086473680221301177
1.73744064646824698372
2.09940467752170162682
3.49104568861537531152
1.63520640898939727706
3.63630306767739039070
4.00364833620536657642
4.96883286094430831781
5.99143555418899586447
2.07222103068181411602
2.72047789919344869505
6.70349908629814016177
6.20835727064736505568
3.71457938399490932187
1.46362563519501119730
1.55955121749816219365
2.32269240322518814579
2.41822248769628308574
4.75488170199848399971
2.51272760163134276818
3.84803846134624803076
4.05947040880950381143
1.78014044389761562430
4.06577175945723741262
4.08006127404969250420
1.14939114317102687512
2.95847933912001487886
2.75559430976332218147
5.32784196462320004501
5.67045853525091919439
1.55335121591995414383
1.25307621476109744248
3.07758021828838768613
.95336247041720705652
2.05180408421466984855
.76713753656042669230
2.54473967234371539751
4.91135419207370952161
2.11653017932653159699
2.36486786100196304393
2.87598678717409965781
4.60491042258152943541
4.15593551441790299586
4.22718582510870936517
1.83893991201452800487
1.37309868545563759854
1.77172232587389381804
3.14216485881947320845
.61741396161732526859
2.00925359275527985803
3.93295054634558048112
3.32078304018796145139
4.01092258713628129280
2.33334523806486895960
2.40883789408918092102
3.01705154082591038522
1.34275835502893073601
2.24410338442773175191
3.16172421314699742424
1.96104563944850605305
2.00761051999634630326
3.18675383423319975771
1.53967529044276085635
2.44280576387071757703
3.22933429672432643304
2.43889319159326860424
5.85833594120378180280
4.19816626635963526127
6.03300091165250861011
2.11409555129374414943
2.86687983703537878155
3.18215335896936306032
.90741390776205320402
2.88639914079809828369
3.40124977030502715769
4.43736408242551131775
2.52424246062061161898
3.48605794558839770298
1.95169157399421079736
1.60664246178171202970
3.58005586548590048674
2.63038020065541095533
1.93478680996124221562
2.09716475270780764664
3.79076509427846240950
2.05805733642189862095
2.15615398336946241396
5.00146978397350712216
1.65245272247044937960
2.68782439902609709158
8.75729410263238789668
3.45560414399566316991
3.64458502438892211392
4.07870077353070851622
4.46061654931243781753
2.61340773703607145343
5.00272925511665082352
8.18517562426121679120
4.77859812078814595936
1.91073284370159922155
3.00995016570042235641
4.90487512583144159295
3.89177337469693885051
4.78778654494955528818
2.78075529308135993701
2.75276224908726906930
2.28379070844944108245
1.98660514446127416646
1.42579802216162440572
1.37379037702263732227
4.36193764283718297173
2.42670558576849202422
4.08120080368511149787
6.22254770974076180284
5.17401198297800620777
3.09142362027594011847
3.43496724875216241121
4.65498657355743615897
1.58053788312713340037
1.62437680357729807123
3.21799627097360073991
4.22281896367817312093
2.84854348746863964741
3.23024766852326665370
2.48284111452988469316
2.80923477124999291149
2.16104141561424037415
2.48726757708132399479
4.18580936020741393726
4.60143455891746872945
1.66796282932204457444
3.53594400408151260078
5.11737237261468006999
4.47911821679222929616
2.16769462794001498627
1.39735464360340535564
4.03567838163548409391
3.46482322781408286956
3.06784940960275949461
4.50632888280471601887
2.67402318613732293119
5.65138036235396210302
3.20396629195751683395
2.96221201131856866961
4.26548942092229317956
4.28258099748270960825
3.89908963733843903020
3.65395675945953142583
3.45833775100119450435
3.30461798094726828289
3.13020766084296714028
