4.13928737828143553505
.84214013085709197783
.56868268832451722523
1.54857999470482634799
3.56154460873368817615
1.70537385930475667063
1.36835667864778589679
2.54727305171628587226
1.09899954504085214384
2.56984435326344229551
1.97714440544943504639
1.64322852945048395054
2.24307824205933574473
2.53096819418972549047
3.00023332425996495196
2.77346353861016171823
2.13140798534677541448
.30495901363953812473
1.18376517941693148959
2.30750947993718977050
1.98058072291941688483
2.34503731313597652102
6.21827950481481654023
3.68994579905992657115
5.88702811272377057603
3.54684366726248592914
6.26419188722695499134
2.51730014102410918686
5.65084949366022311864
5.68498021104735244970
5.18675235576174390385
2.15197583629556584294
4.98563937725142731767
4.74894725176012036108
1.97856008248422923650
6.05331314240391829409
2.91082462542833383938
5.96011744850720202651
4.87320223261871207971
1.18936958091251013800
2.72956040416767476232
3.59628975473334183898
4.86729904567204500011
2.87934020219910797535
2.61551142226525174087
2.65949243277735234844
2.23190501590009425741
7.33905307243380002524
3.94000000000000000000
6.06061053030138210348
3.07806757560648755812
1.51320851173921170221
2.10973932039008079914
2.31367672763504279493
2.23948654829628302458
1.49392101531506678246
3.04295908615281911088
5.17877398618630585242
3.60063883220741816183
3.84287652677001840722
5.57999103941932867330
2.63305905744630042470
3.02140695703177330193
1.20253898065717603581
7.75635223542613490043
3.02109251761676441380
3.15813235948083721223
7.32465016229444230512
4.71869685400535133804
3.09129422734232789172
1.62637634021157599967
2.66452622430330004061
1.30499042142078575487
1.77014123730283172000
2.20308874083637402624
4.82562949261544529532
3.79853919290034442050
3.62283038520988448441
1.41792101331491663594
2.68085807158827414117
2.40555606877079462514
2.19695243462392694561
3.06473489881261997548
2.16834037918404314347
2.51582988296108765335
2.84288585771571208890
2.58955594648966794628
3.72094074126423034600
2.81851024479245063467
1.87064160116255299749
2.38335897422104671084
1.94558474500598405570
1.36608930893993896302
3.18606340175458529747
3.17329481769343328690
1.35373557240696013262
.81024687595818596898
2.28711608800253075391
4.37541997984193512778
2.23823591249894835566
2.74983635876755400791
3.32532705158455053277
3.71651718682962638065
3.58570774046073085696
2.61239353850066012599
2.73908743927608123373
3.29816615712428897028
2.35637433358963575348
1.56393733889820534586
4.03249302541244328932
3.93330649708359239122
1.85364505771736137952
2.49833944851375230411
.59008473967727719911
1.11189028235703184420
1.89615400218442172820
3.74300681271087189027
3.84205674086159222094
4.02356806826975402667
1.07861021689950628800
1.80138835346518214353
2.92427768859251805494
4.70477417098844394682
1.89330399038294957056
2.11553775669450059569
2.81732142291219586715
3.44663604112763841445
3.55799100617188182346
1.47529658035257439554
4.10519183473805521014
4.25460926525574143703
3.31234056220069255124
3.61387603550536857647
4.77963387719185035069
1.45705181788431944566
3.04530786620991737128
2.63806747449719337158
.91443971917234653767
2.30588377851096389554
1.59141446518498128171
1.58836393814515947666
2.61986640880789950251
2.11900920243400547625
1.16982904733982392253
2.30731445624561542987
1.50655235554560134244
1.35746086499758806122
2.04951213707067370467
1.34499070628759364673
.92217135067188028534
3.18549839114698031579
2.82740163400957240091
1.29880714503732231354
1.78700867373384620625
1.99842437935489568026
2.59740254870129824472
1.92200416232639829317
4.53645235839637138804
5.43420647381013670662
4.77754120861348510461
3.34169118860495545940
4.46017936859046062288
5.93612668328431144508
3.71850776521980655658
3.74658511180514888886
2.70586400249532127146
3.30868553960632529615
2.13597752797167788930
2.83855597091197058537
3.32622909613874912962
6.44354715975602990697
2.50675088511004619132
4.37513428365347433252
2.74805385682304268772
6.06967050176531411358
5.71289768856400928282
1.70976606586983121116
5.99617378000337812090
2.26817106938608138133
2.45751907418843852195
3.13695712434837081564
3.31255188638608346252
4.03477384744176213165
5.00157975043885509371
3.10736222542528826436
2.16857095802742871649
3.24137316580488769862
7.10113371230256443760
4.96959756922026836263
3.84819438178478712876
6.66712831734923187986
4.41682012312025222234
5.43931981041747535155
4.55429467645649824172
5.75393778207585418100
4.58876889808148869692
8.89204700842275124777
4.17340388651757499654
4.76988469462313103407
1.92616198695748328279
