8.47102118991565266642
.51048996072400875374
2.29932598819741086316
1.94920496613362854421
1.22886126149374568035
1.35358782500434747372
1.06108435102964363716
1.49599465239685933845
.80311892021045052702
2.50231892451781613424
4.13836924403804257733
5.36795119202848192215
5.65282230394694080374
5.23310615218151293331
2.52920936262698505771
4.16550117032752734767
4.49805513527791253107
4.17317624837485146923
3.70735754952230093099
3.75704671251236906949
4.05475030057339042550
6.11550488512600241549
2.09602003807215545426
6.39114230791335141586
7.37424572414019846241
6.20907400503488925841
6.20651270843780678389
5.99013355443766378800
3.74578429704648102551
3.40496696019212497732
7.99768091386496864408
1.83122909544382239754
2.13293225396401186307
3.42493795564240842205
7.68208955948835576968
4.46172612337422611549
5.12909348715735537235
2.94642155843321238756
3.78167952105939299674
2.89670502467890230295
.87761039191659529938
1.99652197583698036288
1.28522371593431157007
2.39501565756886023745
4.42358451936887942627
3.77916657478867951526
2.14853438417913153955
2.30310659761983227227
4.64265010527392641243
1.84485771809101853024
3.65428515581365105925
2.75700924916838100911
3.11247489949718309370
1.72348484182484181197
2.37941169199447282198
1.76249822694946277781
1.19812353286295149040
2.69403043783844431901
3.73713794232966466238
7.55094696048118192580
5.78803075320095375182
6.60049998106204072732
6.11536589256930725476
3.51489686904182154554
3.84962335820012397222
3.59499652294685815041
3.65099986305121627568
4.47893960664798426348
6.97213740541593170343
3.59626194819009256218
3.75415769514281325694
1.75758356842569508587
2.45847513715310938468
2.11163443805976985207
2.70935416658656865232
.99000000000000000000
2.96878763134044332066
2.09618701455762290961
2.57901143851670421396
3.16382679677633427809
2.75655582203589702672
.56435804238089847566
2.12391148591460844804
2.82851551171281364072
2.15958329313782199392
1.89467675343315488729
2.21975223842662224265
3.68392453777218406257
2.24118272347437124357
1.77110135226643650146
2.47549994950514995965
1.73453163707094140739
1.36374484416990556041
1.88759105740623808455
2.91041234191995550642
.96876209669866832584
3.11374372741238934478
3.66912796179146632934
2.98497906190311492442
3.55991572933967075950
1.71644982449240269075
1.00647901120689049369
2.18533750253822349947
3.47106611864424155627
3.07000000000000000000
4.31635262692936152560
3.23675763689529278292
2.31043285987712700727
1.66589315383670389823
2.15569014471004157810
3.32442476227091053112
3.33502623677835554145
1.66388100536065979816
.47339201514178500135
.78083288865159874232
2.00214884561563004688
1.97294196569488581599
3.59307667605354617486
2.78332534928994601717
1.18135515404978870393
5.26321194709086363998
2.51286688863536900240
3.30930506300038769937
3.16395322342161057430
3.20875365212102251843
3.14163969926533746047
2.90182701069515858209
6.22192896134309781625
2.60464968853778876073
2.15343910988910944874
3.28330626046368083856
3.76909803533948954778
3.22105572755269169062
3.58738066003595442252
1.45742924356553241215
3.51126757738569391415
2.79209598688870293644
1.92236833099174831365
3.19753029696357998402
2.58528528406441055965
1.65680415257808911613
1.92712220681512567120
2.12117891748904575991
1.77251234128284703460
3.89498395375385339982
3.70189140845595307421
2.54899980384463741135
2.63364766056509540833
3.46700158638556149132
3.88158472791719438978
4.35665008923140395002
2.44084001933760501017
2.19804458553506143386
2.04088216220339384885
1.54990322278521635442
1.90347051461271655811
.71028163428319051532
.48538644398046387962
.70604532432415413595
.48145612468842890398
2.30662090513374130392
3.39596819773095048340
1.78877052748528926560
1.23709336753536917505
1.08000000000000000000
1.46140343505823196077
1.87440657275842905640
2.71840026486167044001
3.16608591165811544533
.33271609519228251486
5.68710822826504683004
3.59979166063815420912
.58137767414994532106
5.31066850782460343163
7.58143785834850723140
5.44960549030844984155
6.49157916072815059066
4.99265460451651912587
2.58112378626055050347
4.22934983182994688531
3.09732142342379441980
3.26889889718235244168
3.11353496848839004652
4.33205493963315289808
4.50661735673220874351
6.57320317653425345570
2.73023808485633721298
4.37324822071649621565
4.38755056950914242109
3.75650103154517981026
5.42492396260076625970
1.85561310622661856645
3.82215907570577182537
1.33127758187389304508
1.85480457191586628890
2.32976393653949412317
3.16551733528660367056
4.43490698887812076739
3.85389413450862710643
2.25097756541463557963
