4.18418450836002211782
1.86440338982742680487
2.23224102641269453037
1.92636964261794781845
1.39832042107665723670
1.45261832564510902221
1.15840407457846935872
.71874891304265636433
2.56072255428033436923
2.67046812375658212049
.79611556949980572528
3.45550285776180483250
5.12189418086707449305
1.80468833874439383767
4.17557181712876302433
3.48812270426371325495
1.92722598571106860218
2.12908431021413522603
2.75945646821978331421
3.64684795405566641235
2.80094626867421360750
3.79126627922650666460
5.21530440147073294493
5.61293149788949410798
6.21675156331664905626
3.88172642003529146188
9.11719803448405962066
6.33963721359511233664
3.05086872873940611964
2.28912647094912604350
6.14345993720151153066
5.81902912864336845983
1.91825441482614604720
4.34245322369740673755
5.21049901640908094702
4.62265075470773586754
9.59357076379801349302
2.29303292606102802119
2.03049255108212598436
1.34137988653475790813
1.56566279894490691063
.69771054170049630976
1.40957440385387248276
2.63220439935807416771
2.67428495115984227833
2.20311143612845875490
.80068720484343947083
4.32825599982256132723
4.17954542982846401312
2.55239103587205069936
1.68124953531592091262
1.81791088890517403160
2.55274362206626617594
1.91470624378780360209
.89106677639781857147
1.40260471979813329016
2.36820607211450245449
3.16382679677633427809
4.81600456810414580819
4.56868690106905881412
5.69401440110577872781
4.31588924788391668015
6.84848158353368137317
3.33724437223287560674
3.00413048984227714089
7.09203778895741643382
5.12387548638723265374
3.65630961489860702414
2.31596632099864526505
1.77507746309844179712
4.02847365636167465803
2.55628636893443532675
1.90709202714499333622
1.63392166274886018477
1.47163174741509297190
.93477269964414343715
1.59734154143689633149
1.58265599547090459944
1.79788764943752811797
3.94669481971940668064
4.16754124154758665298
3.10866530845634779795
1.19565881421080988909
3.35477271957430821123
3.90258888431769097611
3.35931540644816499790
4.70397704076029690819
4.71551693878836575640
4.03117848773779799748
3.66406877664707598485
2.74259001675423590826
3.95982322837775171309
.99784768376741748089
1.89306629572236587321
2.59871121904685669519
2.89200622405969244138
3.34097291219189623647
2.35208418216695637043
5.20903061999063315162
5.39437670171448074779
1.06329676008158700680
2.22337581168816352669
1.24587318776832178843
2.22674650555468482136
3.26291280913235559292
4.60090208546106749246
2.32557519766616018147
2.23262177719379956781
2.87758579368191905174
2.31708869057703529243
.52990565197967081128
2.44863227128942331923
3.12774679282067204871
1.49033553269054146912
1.00409162928489748464
1.32793072108449994997
.95388678573507873078
2.07742629231460339674
2.24864403585805461295
4.44715639482130198672
3.77404292503410723991
2.46536001427783362189
2.68992564953011294192
2.76689356499305914302
3.26324991381291543274
4.60182572464451330616
3.23057270464541627223
3.22088497155673040033
1.82649938406778555365
2.49987999711986175170
2.68694994370940970828
2.64155257377172033448
1.68226038412607220262
1.99012562417551922741
2.04269429920387255189
1.95982142043605595447
1.91992187341047812752
1.07870292481294403876
1.70367250374008208326
1.02961157724648764751
1.45519758108649974487
2.02992610702951451054
1.54809560428288795009
3.68395168263645933502
3.53833294080701229875
3.80014473408579531697
.39319206502674999939
1.72412296545229047070
3.25209163462532217743
1.25211820528255238686
1.69263108798107569202
.74303431953039692687
.84917607125966520607
1.53928554855816144636
1.70953209972787583220
1.50535710049144153229
.97087589320159762631
2.45091819528926750346
2.56035153836343340518
2.21864823710294372568
3.95107580286685970334
4.23977593747594166422
3.09633654501573843372
3.15870226517156884125
3.48979942117021963380
1.61558039106693790052
2.08081714718040518169
2.26221130754843500760
3.33749906367028064219
3.09751513313494563788
3.69730983283792433645
5.36460622972460113814
8.34883225367476167020
4.11301592508465738860
6.98343754894392966246
2.96789487684452866976
5.12304596895245514446
6.66317491891065396185
5.55215273565128069415
6.28020700295778467105
2.55235185662165317374
6.59279910205066084872
3.76899190765912894922
5.81449911858278640499
3.50982905566638672443
6.56332994751901833716
5.53585585072443879653
3.87564188232091433517
4.66116938117464253129
4.03188541503847800012
4.14480397606448934944
2.70231382337433192504
5.09811729955284571422
4.47818043406024451805
3.88190674797836945669
2.56704109822963294137
1.81848838324582101246
3.12342760441153814170
4.23525678088117816545
4.65266590246924994054
