4.71124187449551352367
2.03823453017556348139
4.00686910192983469266
2.99235693058164436614
2.18862970828781358749
2.65544723163537934386
2.23053805168170130457
.95357223113930913167
2.18746428542273576476
1.43227092409222634473
2.41594701928663990311
1.53473124683118379519
3.89475288047906834075
4.94167987631736420636
4.68071575723200692625
4.22082930240018116750
5.55400756211224472978
2.11137396024484492551
3.10207994739013778371
4.29344849742022642094
3.98630154403803225378
3.48392020574524639901
2.63383750447896842154
7.14462035380467224444
1.90976438337298562156
3.66708330966178078183
3.75543605990036794821
7.08650830804564851319
4.96723262994597425367
1.38191895565550442303
1.46437700063883822253
8.46903182187905112844
5.38549904837054074843
3.06649637208329336709
3.69400866268610691248
2.01801883043741690453
3.47023053989212653289
4.44987640277794682030
3.40061759096785241575
2.19563202745815310718
3.03415556621607653520
5.43105882862632965606
2.41383512278697278881
.97144222679477959781
3.24699861410503222900
3.58154994380924416001
3.15507527643953370065
2.30800779894696196409
3.09106777667523815814
3.02578915326233529678
4.39226593001835443283
2.75773457751104103604
1.96267674363355108258
5.02639035491673686623
3.57963685308998907116
3.53612782574386018192
2.14016354515256613834
1.60040619843838395451
2.19911345773700361846
1.60056240115779303532
3.31912639108546151188
1.98421269021241772724
1.10891839194775735309
8.11594110377841517268
3.78178529268915529744
4.65345033281757504995
1.46198495204294083048
2.18249856815531496467
2.36706569406089783750
2.13086836759101569802
3.52239975017032954592
6.10348261241072104031
2.23615741843010685659
6.35132269688763334213
2.90535712090613741817
2.75152684886046496306
1.98949742397420560218
.72374028490888912242
.91678787077491377552
.87755341717755278763
2.83229588849752772436
3.94036800311849045447
4.78958244526597537511
1.57159154999000933162
3.75603514360555471094
2.33967946522595269795
3.32252915713316201441
2.91048105989370767456
4.90768784663409496272
3.31856896869720036258
2.49385244150490988908
2.69848105422291227173
3.43434127599456836508
2.16168915434203906726
1.83447540185198449555
2.17009216394143039170
1.80513157415186774523
2.44656902620792614333
2.50369726604475885464
3.53300155675029387609
2.39841614404172988588
1.06155546251714987819
.66362640092148232736
2.86599023026946133377
3.52808730050717424137
4.22352932983778390145
2.24857732800097404166
7.03122322217123184970
4.64918272387739133481
3.12629173302812544797
3.65093138801594024149
2.62535711856501533740
3.81599266246674012128
2.24979999111032089985
3.12016025229474391495
5.08446654035602834352
3.29620994476990194035
3.10742658803068105562
2.63928020490435990387
6.88275380934114190694
4.92724060707410552977
3.58538700839951167467
3.33799340922057543837
5.18035713054611708784
6.66096089164318694095
6.61740885845812008641
3.89350741619943495388
1.44810220633766040816
6.80876640809478791447
2.56121065123507558788
1.53577342078836616386
1.66766303550807289577
1.11628849317727897109
4.41030611182489236520
1.92551291867907237886
3.01307152254970542376
3.83775976319518989247
4.98486709953234360047
4.54463419870070510826
1.60959622265958365413
1.25992063242094737909
1.65151445649137446477
2.60739333434754335301
3.83424047237520041281
4.53672789574159935642
4.18688428309166433308
2.86286569716429415322
4.89662128411009543943
4.45885635561407158457
2.85182397773775652080
2.51890849377264993175
2.88451035706235591252
1.55797946071185418564
2.06639783197718246154
1.51006622371338403497
1.44454144973413622015
2.35955504279938339394
2.12256919792971649539
1.84621233881696284150
2.37783514987898183353
4.01805923301287334319
7.84298412595614017158
1.82874273751121155341
3.63498280601160478171
1.75439448243546411354
2.87907971407531542143
2.31449778569779582323
3.80518067902169397105
4.11810636093824074994
1.45261832564510902221
2.17499425286597021849
3.33328666633999542658
1.99874960913066847308
1.46717415462514197057
4.22303208607275443229
2.82292401598059312695
1.31901478384436616594
4.59584595042087980557
5.51624872535675280168
1.30763144654753542677
4.07987744913986356370
3.31760455750832365533
2.23834760481923361161
2.42159038650222593750
1.74166586921831823557
3.07081422427342549913
2.27167339201743523877
3.02016555837589804139
4.08362583986339277351
1.89256439784753427554
2.05642894358156707986
4.01363924636980796004
3.52773298309268299416
4.01544518079876169537
3.07606891990410383912
6.78714962263246411186
1.41622738287324468749
2.24564022051618945436
4.58873620945898348989
3.12233886693933334831
