4.43437707011931947636
4.52359370412507316726
2.18341475675145147169
2.17956417661880284446
2.22063054108512161568
1.79535511807552992532
1.33390404452494258114
1.11359777298627891966
1.87309903635659371933
3.81223031833072750929
2.90855634293028609365
.81301906496711379394
2.27960522898154451482
2.77814686436840484036
2.74561468527541205675
1.92439600914156959285
2.35684110622672227695
3.74547727265831904153
2.54638960098410706653
1.08963296572745081389
4.46737059129864443351
1.94429935966661265575
4.79008350657898238691
5.29380770334548514000
6.10556303709985456079
8.05841175418580854238
4.50132202802687735008
4.25963613469507510233
6.46560128681006744307
10.10609716953087681917
2.32333811572917642778
3.13740338496661917527
2.82267603525448878247
5.78572380951597101035
6.84400467562669042336
6.73658667278912102916
5.55533977358721057012
4.20167823613374754572
2.10554031070411948073
2.53025690395264014187
2.11246301742776079303
1.50133274126690516267
1.70214570469158133113
1.60377679244962264792
1.61201736963346644951
1.64115812766472932579
2.16076375386112028330
2.33370949348885325221
2.29359979072199952099
1.70299735760217784314
1.35018517248561132315
2.40122885206720769153
1.90853346839923139976
2.60871615933968561753
2.64913193329437633729
1.99574547475373221751
1.74771279105006266472
1.38488266651005492321
3.85199948078916542317
7.19647135754739178132
5.12641200061017335317
3.52309523004984922022
3.68296076547117183649
2.47434839907398650875
3.23675763689529278292
4.35606473781095223061
7.31613969248810885497
8.91849763132782359096
2.12369960210948855373
2.56879349111601417573
3.62991735443108952334
2.83192514025353431481
2.88870213071545332704
2.70481052940866821079
2.73133666910544002969
2.17384452065919378621
1.36091880727690731697
1.70396596210135606100
1.79256799034234681940
.67896980787071821018
1.66186642062471434966
2.46471093639801906892
2.15520300667941719536
2.11749852420255537707
5.33195086248926341322
4.23086279616817638063
2.45254969368614425227
2.44278529551821234144
2.18160491381918188051
2.38690175750909362809
2.06121323496624191455
.95822753039139926393
2.97902668668812028821
2.89352725924605728432
1.55878157546206582047
2.39745698605835262230
2.68895890634275034099
2.47457066983345618090
2.17232594239446489191
1.18983192090311646672
.73525505778607194835
1.08300507847378074979
1.81510330284532290583
2.51708164349112839816
1.58533908044935295476
2.49483466386051322236
7.03250311055743508229
3.87806652856806983375
2.67919764108585315094
2.59487957331356708955
1.02946588093049494711
1.18194754536739065897
1.59627691833215454785
.60514461081629075348
1.73300317368434152559
1.19515689346629298517
1.21169303043303834957
1.76771038351874824302
1.15078234258264494801
3.45002898538548513453
2.10954971498658926485
2.10480402888249907492
4.15269791822135793552
4.22390814294061087125
3.79138497122093894075
3.88387692904911702481
2.73016483018882945978
2.17901353827827329540
1.46731046476197395107
2.76691163574119222359
2.55830021694092814303
1.57292720747019949308
1.31597872323225651762
.80876448982382998786
.96254870006665117307
2.25253190876400239286
1.29591666398731056675
1.12898184219233570452
1.05966975987804804394
1.31506653824055610026
1.20120772558288185528
1.50126613230299710241
1.18583304052467689706
1.27459797583394898470
2.63838966037998261406
2.10366347118544604917
1.67343957166071580859
2.01385203031404469669
2.45356882927705942927
.98600202839547951915
.32542280190545959958
.94535707539532383826
.63324560795950255054
1.02961157724648764751
.87709748602991674519
1.10036357627831356711
.90138781886599732327
.38431757701151270658
.48114446894877634039
.83318665375772792679
1.88515251372402227715
1.51641023473201340695
.62329768168989687009
.87458561616344914594
2.28683186963974244854
1.19037809119623837270
.53795910625251060992
1.06320270880016102411
.96586748573497389471
1.21511316345433440457
2.51167274938436197542
4.74123401658260272800
8.58060021210637688570
4.85614044277963608402
4.19109770823826057933
4.85718025195689026531
11.05963380948935397435
4.03100483750640021481
7.31448562784834515392
2.98149291463186274666
.94593868723083738774
5.45901089942124955270
5.40373944597627689875
5.11831026804745395946
4.35275774653265076467
4.45220170252876121870
9.59166825948437397269
8.05825043045945550861
6.55732414937678675680
2.85555598789447656663
7.43141978359451848830
1.29185912544673383980
4.61225541356937430393
4.76896215124423062347
4.82784631072696845018
3.30644824547428838172
2.43987704608244552418
5.73421311079384282766
4.47469552036783839091
5.90088129011252013341
