.63103090257134000362
.46968074263269512932
.21213203435596425732
.12041594578792295480
.04582575694955840006
.05385164807134504031
.11357816691600547221
.12206555615733702951
.10488088481701515469
.08485281374238570292
.09949874371066199547
.14035668847618199630
.11357816691600547221
.09848857801796104721
.05744562646538028659
.11874342087037917234
.11575836902790225473
.10049875621120890270
.13038404810405297429
.18627936010197157642
.14247806848775007168
.14594519519326424197
.15620499351813308788
.54580216195980755752
.80230916734136847328
1.44692777981487382872
1.39921406510940991183
2.69731347825943286298
3.00629339885514168355
3.16906926399534536901
3.29954542323635847836
2.81156540027081710422
2.59667094565329936800
2.31816737963417990979
1.97590485600901340565
1.21696343412610388915
.17029386365926401166
.13114877048604001304
.20542638584174137195
.20049937655763421350
.23259406699226014436
.21748563170931545472
.21840329667841554813
.22203603311174517558
.13601470508735443345
.05196152422706631880
.20420577856662137072
.26248809496813374526
.39824615503479754248
.29849623113198598642
.25709920264364881923
.17972200755611428457
.15132745950421555927
.05477225575051661134
.12083045973594572068
.11575836902790225473
.15842979517754859484
.19313207915827965838
.18384776310850235634
.34496376621320680380
.58957611891934700376
.53263495942343101142
.48590122453025367941
.72897187874430382583
1.12187343314653814829
.80062475604992380225
.83636116600425679974
.65886265640116529524
.23622023622035433059
.28722813232690143299
.28930952282978864987
.23021728866442676441
.10099504938362077953
.14282856857085699995
.05744562646538028659
.01732050807568877293
.03316624790355399849
.05099019513592784830
.09219544457292887310
.09433981132056603811
.05196152422706631880
.03316624790355399849
.01414213562373095048
.05916079783099616042
.13747727084867520019
.18411952639521968963
.19723082923316019968
.14764823060233400575
.09433981132056603811
.08602325267042626771
.03162277660168379331
.05477225575051661134
.03605551275463989293
.04123105625617660549
.08602325267042626771
.08246211251235321099
.06480740698407860230
.07874007874011811019
.14525839046333950068
.14730919862656235358
.09273618495495703752
.14035668847618199630
.19209372712298546059
.14352700094407323747
.09539392014169456491
.07141428428542849997
.08062257748298549652
.03741657386773941385
.05099019513592784830
.07681145747868608175
.03000000000000000000
.05477225575051661134
.05477225575051661134
.02236067977499789696
.03000000000000000000
.08062257748298549652
.10630145812734649407
.16492422502470642199
.20124611797498107267
.27477263328068172080
.21236760581595301301
.17916472867168917184
.17291616465790582645
.12529964086141667788
.13152946437965905439
.14456832294800960303
.21023796041628638288
.20615528128088302749
.16062378404209010540
.14899664425751339719
.10862780491200215723
.07280109889280518271
.12688577540449520380
.14798648586948742057
.09643650760992954995
.09949874371066199547
.09486832980505137995
.08774964387392122060
.08246211251235321099
.09433981132056603811
.05385164807134504031
.08306623862918074852
.11090536506409417162
.09110433579144298881
.16792855623746665201
.25690465157330258040
.16583123951776999245
.17000000000000000000
.12083045973594572068
.10723805294763608304
.12083045973594572068
.10049875621120890270
.11401754250991379791
.11445523142259597039
.11747340124470730586
.11090536506409417162
.06000000000000000000
.09486832980505137995
.18027756377319946465
.13190905958272919170
.12206555615733702951
.22472205054244231864
.36455452267116368885
.39370039370059055098
.41629316592997296044
.49436828377233100975
.39230090491866061970
.39153543900903785238
.31575306807693888186
.46324939287601878086
.42825226210727714029
1.20706255016051260142
1.82838726751200058776
2.41269558792650010515
3.42210461558380765993
4.35201102939778864710
4.72563223283403635622
5.86689866965503333807
6.81472670031601487407
7.43207238931376394327
8.38986293094231665231
8.81515172869985261718
9.86671677915201942176
10.67995318341798724946
10.92270113113052269785
10.17292976482193157189
10.25945417651446016730
10.91312970691725994753
11.18215542728681624543
10.11906122127937320643
10.28963070279978512699
11.11587153578161859462
10.55888725197878036324
10.09500371470956913981
11.02680370733060614592
11.37011433539698403678
10.53489439909105116417
10.76883002001610200919
11.78351815036578963048
11.37525823882693223141
