1.76504957437461228946
3.87126594281508900833
5.31380278143628510785
1.28576825283563445121
.31448370387032775469
1.02922300790450657317
.59849812029780009994
2.26691420216998949393
3.77212141904260552661
2.31194723123171649953
2.93726062854490323146
3.69586255155680809850
3.67185239354743125817
1.81143589453229064580
2.00272314611880391079
1.98768709811177272228
2.44237589244571442564
2.14590307330037625816
1.60427553743114839031
3.87725418305274383515
4.70348806738148321625
4.29564896144924765894
6.42477236950851045480
5.20851226359312703116
1.45375376181800472065
3.30039391588337527646
4.50503052153922704142
5.81620150957650366036
5.77343052266154840579
6.66475055797289385695
1.34591975986683544938
6.06538539583429933262
3.36301947660134730894
8.57336573347947171314
6.13348188225904846032
8.40060712091691620493
5.53379616538231375430
4.03177380317894322219
3.94038069226819758053
2.84992982369741869403
3.44747733857671644594
2.66152212089247907494
1.24571264744322155412
2.08724699065539438137
1.45560983783430098113
2.08110547546250043496
2.18584079932642853028
2.35616213364021279952
2.47729691397700651154
3.59249217118144879611
.92504053965218194646
1.53720525630118764566
1.92761510680944809823
2.25446224186611739314
2.27211355350035267554
2.83697021485950747371
1.87005347517123156731
.86290208019218495797
1.63162495690645771637
1.96512086142303216861
4.35605325954584719652
3.99400801200999094841
7.03022759233298221676
6.96400746696900088842
3.46550140672313102438
5.51784378176838203245
10.81819300992545612291
2.13871456721087491638
2.91432668038433879345
4.59871721244087806108
3.51296171342643585037
2.02210286583051951323
3.11449835447058793272
3.13198020427971415363
2.26187974923513562102
.52440442408507577349
1.22069652248214420806
1.07786826653353145277
.93026877836461866285
1.19741387999304567941
.47138094997570701573
1.22253834295698063393
.90382520433986570697
1.02102889283310685360
3.56653893852289239239
2.63389445498486138560
2.17453443293041464774
2.15821685657396346821
2.94574269073182968663
2.96487773778279093475
3.21232003386960185362
2.49721845259881098773
.66550732527899345429
2.31648440530041125506
3.03252370147374116117
2.62895416468222207002
.55118055118082677137
2.29359979072199952099
5.52924045416728101258
5.28679487024038034030
4.61363197491954271287
4.08672240310006865041
3.92605399860980006872
3.34369556030449638182
3.18860471052778820296
2.46452835244393161353
2.13391658693586240186
3.90269137903575460264
1.45921211617776803601
3.01469733140824603079
2.56618393728898552623
1.96855276789828521985
1.52095364820891238098
1.23713378419635764144
1.76036927944110635686
2.21165096703797274377
1.74338750712513711072
2.24644163066837772667
1.70393661853955119465
3.09659490408416192626
1.96573141603831524051
2.38535112719280806514
1.59737284313963469860
1.69555300713366080243
1.14407167607628500366
2.97302875869036961456
3.49625513943133160466
3.05216316732903386893
2.78827903912072616649
3.38712267271204690272
3.73203697730877259323
2.23903997284550505186
4.87034906346557464076
6.64006777073848847927
4.52298573953091300258
4.96735342008196553890
2.26949333552667653565
1.86142418593935756349
3.00524541427152002234
1.86145104689862848941
1.40520461143564427174
.50724747411889593361
1.02571925983672549932
1.16858889263932335221
5.06656688498237433462
1.60829101844162519715
2.98083880812096245091
2.06630104292670771521
1.71113997089659500478
1.64176734039875455186
1.50831031289983560862
.78574805122252769097
1.59909349320169519599
1.29236217833856465733
.90520715861066852258
.83240615086627032924
1.05678758508983251586
.60307545133258408895
.62040309476984397131
.60704200843104754606
1.75333967045749580849
1.16884558432668940805
3.19878101782538405759
1.32007575540193904433
1.69546453811337499174
3.37677360804659215756
3.40671395922815920820
2.93566006206440734758
1.72843860174436048725
1.29899961508847261089
4.69758448566920401268
5.69038663009816934881
6.04368265215836758862
2.44667120798851924528
2.63286915740224356482
4.51373459565358140253
5.01905369566813859565
2.86064678001321931818
5.03104362930793912629
2.34591133677298213443
6.86451746301224001773
4.51832933726615373200
9.26344428385036490904
4.04269711949831829100
2.92195140274440567226
5.70299044361815496808
8.18590862397082954391
5.40202739719079914256
4.75307269037619495146
1.66334001334663983968
3.27073386260637231933
7.50563788095322381840
5.24880938880428387003
1.52059198998284875221
2.12058954067023540999
3.13065488356669553867
3.16129720209916359581
3.06058817876564373297
3.81283359196280686566
3.74159057086688735417
