3.02021522411896996913
2.98511306318537958321
3.49061599148345162107
2.98095622242259706754
1.08719823399415067298
1.65659288903459923067
.76902535718921518537
3.90748000634680151398
4.34205020698747793740
2.23921861371327475842
3.26810342553597896381
2.40016666088003147231
1.75644527384145959903
2.46432546551789704951
7.82021738828275796160
1.77541544433971847771
3.44127883206229018294
2.03494471669379755659
2.32215417231500802865
2.89421837462206711075
3.62244392641211217962
5.02000996014948161576
4.47549997207015967153
5.60244589442861107940
5.50716805626993736469
8.37556565253953459809
5.07271130658940613834
3.72888723347864194969
3.71616738051449991465
4.96816867668560544818
5.60083922283080716535
6.13265032428883882471
1.88345427340299398095
1.70871296594834792047
3.25647048197891700158
5.78596577936648360194
5.61114070399237092593
2.62566182133190945325
2.46229567680244283045
3.52254169599168832890
.73932401557098089440
1.13428391507593900112
2.66193538614294693402
2.59216126041571726903
2.24619678568018612504
2.82625193498385773329
1.57768818211964812828
2.03403539792207156170
3.06102923867120223886
1.47803924169827101380
2.67469624443599202508
2.37280424814184787821
4.45197708888983389835
2.37341526075821801184
2.43737563785313978016
1.70367250374008208326
2.45389486327348588791
2.93804356672939756460
4.94240831983760726592
4.30680856319386455266
7.37056307211328325934
3.63990384488381780659
4.23808919207701432254
5.67908443325154305633
7.35335297670389273147
2.86729838000861012588
2.77940641144831498354
3.14601335025775121074
3.04955734492729288633
4.36983981399776255002
4.58372119570987868782
4.32603744782682157493
3.61134324040238523545
3.22775463751506365952
2.04296353369314940398
3.55140817141595257663
1.65193825550472678676
2.87142821606252243082
1.01950968607463460430
.55371472799628510513
2.12633487484920869413
1.66237781505889929871
2.82890438155834457677
1.70449405983124505578
1.92660322848270966972
3.21725037881729062047
3.67569041133771221203
1.79593986536298035370
2.14618265765055514764
4.22984633290619672364
3.94437574275068272177
3.39377371078273278559
3.05576504332384822181
4.57939952395507854535
4.50495282994172981163
2.27894712531905838423
1.26956685526993811796
1.61802348561447030684
2.64077640098513452313
2.00521819261645439520
2.16631022709121696100
2.65561668920798884182
1.02776456447962828175
1.05323311759553022516
4.99145269435662387105
6.10765093960026500792
3.10062896845140115194
2.51493538684396422805
2.26717886369823058122
1.25415310070182420292
1.17085438889727018010
3.74629149960330769773
2.09680709651603382778
3.22274727522962929585
2.15631630332843330751
.72339477465627300451
2.05024388793138461583
2.21481376192220730927
2.08271457477975123522
3.52980169414657060844
5.33136943008079304119
2.31296346706989732341
1.26692541216916159858
.66708320320631668562
3.19845275094067944244
3.53629749879729434508
3.11173584997184489486
4.45440231680974232136
3.25799017800852186669
2.94645549771246333005
4.74692532066810589718
4.11938102146426848345
1.75547714311522723397
1.42905563222710122734
4.03279059709278731104
2.43782690115602752571
3.15077768177953171180
3.72711684818171484168
1.94805030735861644482
.78402806072231879014
3.99566014570809062447
2.70652914264746094568
3.15870226517156884125
3.31481522863643185598
3.23043340745479537581
3.80248602890267040623
3.51950280579515947059
3.77923272636126498708
1.51132392292320973502
4.46002242146830468150
3.33120098463001778694
2.81040922287128854348
4.06272076323244248634
1.90622663920112080674
2.23217382835656416984
2.58381500885802581096
2.33246650565447563084
.58830264320330909082
1.65342069661656285921
1.51403434571346498235
1.69717412188614283030
2.20440468154102775666
3.51938915154320494759
3.87206663165808653675
3.66221244604951884814
1.96247292974960548880
1.94591880611704865654
3.16039554486459811551
2.74162360655141718890
2.66362534903090303203
4.73165932839632908413
1.72702055575491052115
3.74521027447058037678
3.93305224984362494802
1.84870224752392184676
5.46935096697953732624
5.45697718521893767317
3.45380949098238480128
5.97933106626485434649
8.70203424493376720933
2.41437362477310044027
3.71033691192592374263
3.68158933071031158430
4.16361621670393631874
4.26383630079767485437
5.08541050457089452062
4.47787896218734344655
5.87967686186919629427
6.89685435542900238791
4.38348035241404954560
6.11199640052250030773
3.26449077192752989408
5.17204988375015578793
1.78087057362403515008
1.19891617722007571549
5.08319781240116603825
2.59129311348600623721
2.18217781127019986019
2.54403223250020949886
3.14532987141253596049
