1.24839897468717908267
2.27037441846053224948
1.53720525630118764566
.43508619835614183729
.52507142371300306748
.66475559418481015141
.90824005637276315847
1.63584840373428246347
1.69499262535268866579
1.94175178640319525263
1.24474897067641714921
1.69947050577525469451
2.49579646606048386719
2.37200337267888386111
2.09270160319143445721
1.29340635532689416269
2.34868048061033623433
3.25779066239683362500
2.29288028470742449270
1.59480406320024153617
1.89190380305130736316
1.89934199132225789897
2.17349948240159468412
2.64628040842235764756
6.46167934828090955155
5.50067268613576025054
2.32828262889194790298
3.83691282152722359712
4.33600046125458801247
5.50124531356310268659
5.21861092629063505278
5.97422798359754597003
5.22726505928291338640
11.17234084693087046706
6.69075481541507392875
7.80631795406771783382
5.74751250542354192101
4.06353294560287772253
4.84926798599541207083
3.27284280099121167674
2.95787085586913344535
1.38726349335661536393
1.12369924801968253341
1.35598672559874272539
1.18612815496471543793
1.46290806272984906260
1.79763733828600700880
1.55438090569847132306
1.39305419851490343943
.84899941107164497255
1.13595774569303412976
1.02435345462393985133
.91684240739616751215
.82933708466461331877
.72408563029520203288
2.13356509157794386706
2.19319401786526857196
3.64017856704860015854
4.97809200397099932908
8.49551646458295082739
10.95755903474856940275
6.86810745402254171808
7.20069441095787649868
9.54460056786034393974
5.09867629880540661098
4.95735816741134813881
5.33067537934922463798
4.11821563301389064114
1.48926156198298490832
1.94373352083046610198
.99025249305417050285
.97514101544340754901
.79762146410437075198
.20615528128088302749
1.50655235554560134244
1.10751975151687475446
1.08480412978564936877
1.04742541500576545824
1.12147224664723647364
1.74908547532703501093
1.88512599048445565693
1.72249818577553224661
.96130120149722064102
.55695601262577280843
.59143892330484979672
.98315817649043635464
2.40143706975635736728
4.42163996725196973606
4.36885568541694908661
1.22759928315391256585
2.13086836759101569802
3.06693658232445360748
1.17315813085875170948
1.82931681236465981373
1.77048016086032435383
1.38021737418422609856
1.23616341961732551504
1.13916636186291947583
.98519033694002500604
1.48593404968053679767
1.48627050027913828603
1.24346290656376235950
1.46017122283655487743
1.30621590864604003260
1.27577427470536495373
2.01727539022315939222
2.64781041617408854848
.85428332536694171390
.43554563480765135548
.64822835482567406741
.65802735505448403812
1.02279030108815560668
1.16172285851660851272
.91695147090781200185
.70213958726167833129
.85064681272546951217
1.35683455144685934549
1.59354949719172513690
1.30284304503650784158
2.61910289984948854051
2.85182397773775652080
1.80216536422160771700
.77019478055878825852
.36660605559646720052
1.50933760305638711665
2.84624313789247456834
3.64476336680448981929
2.53546839854098753466
2.53025690395264014187
2.80476380467232926675
1.36857590216984311768
.88600225733346752009
.56044625076808213045
.63253458403473876773
.86307589469292907601
.54817880294662981432
.63812224534175268007
.94688964510126521923
.63419239982831708482
1.18279330400539552597
1.08581766425123145534
1.24052408279726677783
1.37568164921976043635
1.45674294232029832065
1.43614066163450716496
1.44630563851490256160
1.20710397232384253305
1.14113978109607588949
1.32740348048360939951
1.63493119121264549932
1.75968747225182006181
1.93463174790449461392
2.11664829388351620876
1.99662214752816963737
1.68789810118976080326
1.95829007044411068780
1.43631472874158050945
.67779052811322171795
.94371605899232211804
.42766809560686193417
.96819419539677059561
1.13092882180975474509
1.59034587433048663849
1.65846314399808113432
2.05372831698839854117
3.05163890393342573797
2.81129863230500647572
1.16498927033685593511
2.33995726456702623259
3.54499647390515749720
6.33959777903929801040
6.06265618355519151239
6.27008771868464372921
3.18724018548963454173
3.63523039159830968752
4.02647488505764804056
9.02682668494305367429
6.49712243997294543828
6.09564598709603541884
6.12066989797685462467
6.68567124528270534374
6.13495721256472986006
6.77637808862522074075
2.26664950973898917877
5.40974121377353872402
6.25944086959849793259
4.85540935452408585071
5.52363105212504214012
4.39988636216891401659
2.55431008297739763669
1.13022121728447480070
9.97289827482462592475
3.63122568838677390187
4.58906308520595519607
5.35832996371070825080
3.37148335306582820446
6.88231065849253857989
5.82530685887018315793
3.92472929002753003889
10.31880322518071860145
