5.33566303283856185460
5.55526777032394721991
1.74751251783785514604
1.11130553854464344606
1.14865138314459883820
1.32615986969897411384
1.21577136008379470297
.80212218520621906558
3.31541852561633611922
3.82531044491816376291
2.93707337327483189316
4.92050810384456129492
4.40938771259684080868
2.09239097684921208895
.89022469073824277972
.65559133612335055018
1.28506809158114263715
1.08425089347438399978
1.69590683706387598253
2.10727311946031333605
2.19729379009726416693
4.32422247346271489218
6.48532188869604220202
5.24890464763840037505
3.31188767925483849733
2.65717895520794760038
2.27202552802559857153
4.71511399650103899797
3.24219061746838074461
7.11317088224372689293
2.16658717802907713967
6.89855782029838465570
3.44107541329741856618
1.43756738972473913029
8.67205857913794306952
7.37970866633636154681
6.02366997767972012924
1.93543276814256712635
3.63600055005496389432
3.83576589483769199436
3.47385952508157704289
2.42670558576849202422
3.03868392564939205129
2.45967477524976866605
1.29251692445398949986
.74873226189339537501
1.45137865493467968391
2.10073796557305071236
3.46144478505724542779
4.22396732941910903696
3.19979686855275236548
3.53636819350021866469
3.10798970397264990682
1.70264500116730146291
.92622891339020506739
1.49976664851569492420
1.27530388535438877961
2.01342990938348782640
1.81485536613802919322
2.76631523872461072050
5.78525712479575102938
2.52226089055038079341
3.00494592297432201228
1.95473783408415155175
6.73722494800344335363
.70427267446636036583
4.66718330473530897935
5.36512814385639814234
5.53315461558774805940
5.26784585955208070569
2.66477015894429439252
3.84690784916925193559
5.35329804886669839900
4.95996975797232054050
6.39632707106195438024
4.96822906074186559339
3.31320086925015761260
1.50509135935331181476
2.86583321217407905173
3.38292772609761794774
2.97405447159261022167
2.42423183709809404854
1.63177817119852415312
2.21144748976773129258
5.23188302621532240999
5.47191008698059657728
4.74007383908731953415
3.54933796643824832597
2.32598366288329720933
2.99360986102063740512
1.09922700112397166314
1.27863208156216696735
1.72814929910583825112
1.68433963320940708665
2.50127967248766486272
4.49817740868454409163
4.86559348897953043945
4.15387770643286993724
4.68923234655737654886
3.51041308110598288888
1.83122909544382239754
1.90625286885030024864
2.53389028965344117165
3.30414890705609694983
6.05840738148236446240
3.85088301562122242560
2.11414285231627619075
1.81892825586937320522
.57948252777801678944
1.48892578727080954536
.74148499647666506239
1.36832013797941306188
1.50628682527598308672
2.42612860335143816959
2.12447640608221394292
1.87747170418091787549
1.99333890746154854659
2.08712721222258036084
4.01899241104035925498
2.33302378899144532490
1.67573864310637653803
2.33873897645718471486
3.18009433822331755051
2.04570281321603505292
1.80380154119016097485
2.00044994938638742239
2.30008695487801069350
1.95030766803599477618
2.14881362616677391545
2.94866071293392451574
2.67452799574055683504
2.36196951716147259849
1.72267234261190830787
1.71260036202261734778
1.55727325797369293937
1.43909693905587888996
1.87752496654505236435
.91842256069850548940
1.70144056610861373925
1.01212647431039960916
2.35894044011289102322
1.44516435051519313347
1.90255091916090382466
2.84290344542335802488
3.02755677073114518335
3.17116697762826736963
2.85003508750331001955
3.47252069828244508334
2.66054505693852138528
2.72477522008697077038
.84952928142589646702
2.37659420179381907032
2.95738059775876665907
3.66991825522040749446
2.99874973947476984186
1.61086933051691067323
1.50894002531578437814
1.60380796855483917376
2.44759065204948027068
2.03049255108212598436
1.69153776191960905333
1.90278742901039789269
2.64928292184885380165
2.11407190038560419819
2.17140507506084640264
1.85811732675845849021
3.10615517963929162094
6.14389941323911975387
2.54287239160756944185
2.36535409611330709108
4.80926189763044615997
4.40742555240584863585
2.76269795670826093294
3.84491872475869117687
7.17396682456784155987
3.74590443017437378934
4.41640124988660875186
6.45230191482078742939
5.84695647324315216677
2.52576721017594968698
4.34249928036839172485
3.06421278634496922236
2.80148175078832166216
2.59796073873336276790
7.99422916859405526011
4.58660004796581320578
6.52292879004515884803
6.36786463423964438782
10.06362757657495988083
3.69832394470792674503
3.41986841852139100688
2.33325952264209135060
1.79181472256480803813
3.89894857621897855161
4.36069948517436821548
3.11983973947380829242
2.65069802127665987360
3.67332274650622008204
5.46952465941968306251
4.68076916756210057823
