3.50931617270373630836
2.89582458032250289136
2.31568564360536639744
1.22519386221120125231
.51000000000000000000
.31717503054307411857
.79799749373040013326
.95713112999212391096
1.28623481526508214790
2.06642202853144207377
1.03464969917358986298
.50931326312987373449
.29478805945967350188
1.19339850846228226715
1.68683134900914145893
.90293964360858583358
.84208075622234712127
1.03373110623604627988
.78930349042684462209
.81712912076366486572
.64272855856885649981
.54055527006958317138
1.57689568456508878861
2.89451204868799950207
2.63009505531644236046
9.50909564574886374615
5.56083626804458251889
3.57945526581908828860
3.83975259619679142681
5.71532151326589849967
5.28384329820633496046
7.54586641811263446646
5.90485393553473090479
6.99632046149974465275
6.20254786357993371349
4.42622864298716498195
1.68911219283977699904
2.37707803826462542159
1.81697550891584666950
1.20656537328070210122
1.40858084610007387392
1.35236829303263391764
1.23263944444431924888
1.14616752702211904883
1.20552892955747851683
1.08258948821794865975
1.00742245359134218574
2.67680780034727185117
.77116794539192304268
.90609050320594355073
1.26091236808907541146
1.28393925089935621922
.89297256396823301281
.82879430499973876208
.86585218137970871546
1.30763144654753542677
1.38036227128967850531
1.82770347704434813224
2.52772625100108496697
1.75809556054271407172
4.95710601056705261984
1.99769867597693521622
4.25068229817284745047
4.68863519587523465069
10.76017193171187204706
8.89101793947127293726
4.72709212941740749398
5.66294093205994865425
3.93978425805271728206
1.35037031957904051083
2.30325856125620425316
1.61449682563949316673
1.39502688146142904352
1.28218563398596850758
.41303752856126766244
.56302753041036989774
.50019996001599200447
.45376205218153710214
.39230090491866061970
.89799777282574593254
1.02596296229444852216
1.18093183545876177721
.60216276869298387402
.81197290595191660003
1.48489056835849018062
1.36916032662358428417
1.46523035731587270441
1.32612216631802064150
1.03344085462110505823
.66535704700559082603
.47476309881876876973
.55506756345511669612
.99644367628080213533
1.27239930839339896271
1.45557548756496995359
2.09678325060078634728
1.68110082981360758116
1.13468057179102172199
2.21824254760384577742
2.98440948932950553302
2.29418830962063791961
2.52198334649537287542
3.36942131530029945585
3.42698117882196721001
2.98283422268150866138
2.42429371157869400599
1.51357193420068410040
.97190534518542493711
.35637059362410922695
.92897793299948734573
1.32883407542100605179
.83294657691835194911
.98513958401842730948
.54000000000000000000
.33749074061372409747
.83408632646747063191
1.17787945053812701278
1.33678719323608123800
1.38711931714614947179
2.64461717456421280044
1.80695877097403636361
1.73669225828872744474
2.06458228220625781868
1.89949993419320759922
3.20671171139533526979
2.35291308806764046186
3.01555964955097513985
2.50545405066626596076
1.01631687971813200619
.78396428490078551536
.41809089920733744667
.51980765673468104465
1.63771181836121583262
2.08072102887436594485
1.27039363978256755124
1.27628366752850049938
.95906204178874684519
.96218501339399378529
1.25900754564855567429
.49699094559156709047
.28757607689096810543
.81767964387038521897
.51400389103585587545
.43116122274620198038
.51749396131742445676
.50813384063650002093
1.85394174665764511987
1.59267071298495345942
1.01523396318287145845
.72945184899347537399
.42449970553582248627
.47138094997570701573
.26720778431774774925
.41146081222881967183
.46518813398452028873
.36373066958946423164
.38183766184073566317
.50950956811427987156
.13152946437965905439
1.14341593481987122427
1.55839661190596792185
1.40264036730731516473
.95378194572973543993
.88028404506727258983
.97164808444209882052
1.06216759506209753320
1.58063278467833887960
2.53814893180049621768
1.56936292806985854326
1.13154761278525085314
3.06356002062959425870
2.80153529337040478412
2.86722862708923161309
5.17474637059634063762
1.24551194293752157501
4.10664096312302422345
3.37736583745379884482
1.25721915352893029331
3.83026108770668530258
4.38783545726135906569
4.33831764627718333236
3.73325595157899667949
9.16929659243281321834
7.02150980915073563781
16.24675044431962708172
12.58278586005499817033
8.76274500370745696618
12.10318139994604889587
2.91854415762379720071
4.53693729293231470821
6.01958470328310938038
3.59400890371740732002
10.94229409219108860997
5.10135276176819593209
6.23840524493239377758
5.81111865306500173513
7.00449855450052898360
4.36650890300248901255
3.56051962499857596277
10.68765175330858167646
