3.89821754138991068185
1.70038230995267649543
3.13261871283435961026
1.86091375404665113673
1.72687579171172586103
.73830887845128884106
1.35295971854301708179
1.43711516587919981493
1.00364336295319564076
2.61560700411969381926
1.92898937270271139251
1.58587515271537059289
2.42629346947148996360
1.33465351308869673989
2.81204551883499922836
2.77830883812437237835
3.26735366925590104536
2.43872917725605603990
2.25577037838517597642
3.38923295156883543480
4.16996402862182973051
4.81753048770840681225
3.73998663099214834613
5.06318081841839814023
2.36700232361525154460
5.68176029061416845690
3.92683078321437222584
4.37077796278877566137
5.27653295261197056422
4.20392673580308723248
5.07268173651767749063
4.38506556393402172811
6.75788428430081954447
2.92651670078952394144
6.60210572469117613417
6.67282548850185351526
2.26287427843439857329
2.30126052414758116625
3.42769601919423420740
2.14107449660211496341
2.19968179516947405226
1.75630293514530117920
3.67540473961712140577
2.45377260560142369521
2.24813255836927907786
1.34134261096857725971
1.39874944146548276646
2.21709269089048236842
2.52339057618910830393
3.23966047603757391026
1.70320286519251722400
2.12080173519355646532
2.04892654821982332573
1.98957281847134210389
1.39974997767458456923
1.26447617612986287532
1.08485022007648595028
.79208585393251406052
2.99203943824275150546
4.50752703818845661286
8.74725671282145463020
2.34055548962206832786
4.60335747036877421773
6.84143990692017991359
5.34997196254335523597
3.98253687992967618167
3.00847137264092975114
9.88316244933776245373
2.06855021693939062079
5.18096516104866314126
3.90858030491891006765
3.03296884256993316050
2.80003571405794751159
2.60723991991531151455
.87664131775772467294
1.18962178863704408866
1.89757740290086717716
1.30023074875192826290
1.21363091588835194768
1.37291660343955342522
1.75709988333048386210
2.15817052152975159665
1.37091210513292937368
1.43954854034172810868
1.58467662316322442808
1.34536240470737103171
1.89697127020943572328
2.40312296813958315594
2.50607262464598180287
2.27081483172891047593
1.84260684900496340253
1.94987179065701650557
2.21740839720607173495
1.52728517310946222647
1.89462397324640648599
1.87205769141872334553
1.93571692145313437614
1.69785158361972263408
1.73037568175237599182
1.83964670521271556457
2.10924156985396056364
1.99012562417551922741
1.86231039303334179722
2.25816297020387791142
2.20093162092782882530
1.61372240487637773889
1.42161879559887642898
2.64208251195907960046
1.99363988724142455144
1.15264912267350466239
1.36568664048529082768
1.35698194534783696951
1.32736581242700386192
1.23292335528207105174
1.30303491894883615202
.92622891339020506739
.87286883321607949367
.42567593307585525277
1.37698946982175575386
3.40122036922043614883
3.53220894059227475932
1.89401689538398785636
2.73609210371288488172
2.13904184157299737473
1.80704178147601224743
1.66691331508270099366
2.48471326313520530537
1.81422159616734802002
1.87866974213138377250
1.12107091657932148855
1.65668343385210440752
2.55080379488505544288
2.41600910594310467718
3.06481647085106875898
2.42720003295978883356
2.91357169124083850815
2.53862167327075343394
2.48630247556486980223
2.61574081284824548267
2.65640734828075643162
2.24004464241228906808
2.16076375386112028330
1.94527632998502297614
1.71726526780226938822
1.61114865856630374441
.96855562566122138032
1.08981649831519801597
2.12729875663950877983
1.32098448136229064483
2.18181117423117072090
3.15041267138132238690
3.02168826982533060896
2.12235718011837017932
1.14490174250893687772
1.13154761278525085314
1.87090887004151006563
1.31742172442995640772
1.47139389695621613992
2.05997572801234723674
2.25601418435257184000
2.04948774087575356738
1.55495980655449740791
2.53116573933829943501
1.32018938035419751667
1.71452617361182328495
2.31695921414253643309
1.26447617612986287532
.60216276869298387402
.47381430961928534815
1.40089257261218998869
3.08068174273163114741
6.41066299223411057013
3.47282305912639321152
9.91493822471930482577
2.90511617667865393062
3.22232835074267377181
11.36369658165862856913
3.76724036928890429408
1.18962178863704408866
2.94760920069129923999
5.56736921714376690754
3.62576888397481838172
1.46921747879611070191
5.17480434412741831152
11.96977443396491076917
5.92603577444483539459
4.76844838495710258432
2.66722702445817311421
6.36292385621578847445
9.64411219345772646429
5.93125619072385036360
1.98032825561824471989
7.12306113970672022056
7.09366618893220827599
5.90987309508419139962
3.38214429023955156270
3.39533503501495416121
5.24378679963249459339
7.57895771198124577581
10.31956394427594018966
