2.85219213939033216738
2.45295739873321077618
1.61904292716406997680
1.25303631232299090143
1.99649693212887256868
.88926936301662838743
.93348808240919712343
1.58432951118130725804
1.91034028382380085326
1.88271081156931799247
.15033296378372908270
.71281133548786946882
2.38958155332685810386
2.16492494096215723744
2.25752076402410970161
2.73302030727910984543
2.01935633309230493521
1.71845861166337084407
2.01064666214628571173
1.45068949124200937667
1.15680594742592847718
3.65520177281637901100
5.44508953094437190081
8.47236684758161307038
5.06610303882579948458
3.94959491593758257916
5.35138299881441862772
2.84005281641028640923
7.75454705318112052011
2.94356926196751823602
5.59438110964921659581
7.95390470146581527421
2.08091326104669725611
6.30984944352874397487
6.78885115465054219655
3.67426183062666343781
4.32967666229246268874
1.21330128162793926886
1.31742172442995640772
1.23600161812191815592
3.58623758275995986751
3.35691822956711294391
3.18705192929139452388
1.54405310789493247922
.75531450403126775915
.46540305112880383865
1.60601992515659655498
2.04980486876190241914
2.43842162063905593151
2.35068075246299662213
.87755341717755278763
1.15503246707614240985
1.18313143817582668442
1.23818415431631170588
1.30284304503650784158
1.54696477012244852220
1.52643375224737480252
2.62482380361044424905
2.76992779689290818164
1.92717409696166267250
3.86556593528036978431
4.10043900088758788988
5.14674654514869228177
2.76338560465238003309
1.65707573755697720673
12.29059396449170799796
4.41658238913302736997
10.51790853734714694490
5.17804982594798907946
3.26111943970164944340
2.18052745912542912879
4.16312382712789363411
3.21962730762428464031
4.42590103820679659805
4.67272939511801817329
1.98582476568301464014
1.59577567345789552238
1.00930669273516659862
1.50495847118782649815
1.79830475726446322494
3.07580883671271092211
2.36277379365863121552
2.57165316479497289148
2.84741988473776027326
3.07715777951017649796
1.19201510057549187072
1.34551105532433288884
2.01482009122402787300
2.31419532451346897971
3.18654985838916382080
1.69446156639801069286
1.53293835492494609315
1.54304892987876440832
1.95269045165894125647
2.17903648432053564824
2.78390014188727681813
1.80247052680480742444
1.43593175325291835402
1.92127561791638838254
1.65102998155696736578
1.63465592709903327839
1.79022344974028311938
2.39303155014721859809
2.69482838043538497984
2.24635259921500302298
1.63960361063276510460
.38678159211627432360
.76850504227363401210
.94556861200020805259
1.39517024050830442016
2.29586584973948336309
2.07752256305437029542
2.19442475377945005535
1.80496537362908987190
1.86249832214689525072
1.46054784242078150419
.86075548212021281322
1.32253544375944798343
2.14135471139183290610
4.27745251288661298213
4.39637350551565397816
2.87814176162328738063
3.41483528153262467137
3.33039036750949062073
3.64496913567179605548
3.47519783609509057256
1.65861387911713798006
2.02546291005290936183
3.46829929504360969876
3.17100930304532534652
2.83218996538014730676
.92962357973536794318
1.42625383435067405956
5.06163017218761252318
3.56596410525961407916
1.85035131799342364777
1.20411793442336868135
2.37423671945322250758
3.46026010583019611242
3.68354448866848898820
2.78756165851089292098
2.28223574592985463562
1.04067285925981561556
2.02311640792120511139
1.00940576578499887227
1.49251465654445082236
1.25674181914982044572
.65528619701623503676
1.24201449266906704642
2.68054099017343885123
2.95083039160165896512
2.34940417978686672804
1.43380612357459263293
1.03082491238813199338
.80156097709406986824
1.59962495604438479890
1.51822264506889765993
1.35871262598093199584
.99974996874218505773
1.50136604464067988991
1.69531707948690235567
1.46989795564181937534
1.48303742366806104816
1.17787945053812701278
.70099928673287535663
.49497474683058326708
.57835974963685016105
1.17413798166995688071
2.06584123300896480097
2.93317234406708532909
3.45667470265861146739
7.80497917998504336817
6.53034455446265101587
2.69766565756396135354
4.35574333495443691300
7.87218521123582305163
6.73216904125260360355
4.07997549012245905673
6.88761206805377505067
3.10235394499080326970
10.04944277062166268247
6.32268930123883281742
4.46217435786635303012
7.96994981163620628229
7.19084835050774798357
9.79964285063491484792
4.55989034955885753917
10.39047159661196513873
1.95358644548942343443
2.78899623520721160546
3.27287335532556163098
4.08751758406003679909
2.12584101004755292118
3.65083552080890108127
3.14136912826238871472
1.41325864582531388807
2.03098498271159060778
4.04337730121738700943
4.17423046800245565933
2.19990908903072628766
