6.16107945087547138344
3.54899985911524093427
1.80327479880355451054
2.42357174434758584474
2.62425227445838369802
2.29322916430085547610
2.58003875939878081514
3.06341312917471188408
1.80205438319713314916
1.95374000317340075699
4.05849725883854700429
3.18172908966178325695
5.19224421613621714283
2.92530340306779118887
2.84863125026739815831
1.79178681767670118105
4.03756114504783691950
4.57486611825963711447
3.61536996723710144834
2.60585878358747598500
4.92020324783438189218
2.90828127938134622240
8.64780318924985711310
5.25259935650911795296
7.60379510507746388209
7.07210718244569593712
7.54003315642577264124
3.90115367551702582246
1.75139944044755250115
3.86618675182666260193
2.21734074963682566602
3.82123016841435501613
5.24707537586415848126
6.16606033055142917322
3.89138792720540777493
3.00168286132962420923
2.81657593542229924378
6.26603542920082761959
4.00112484184135399241
3.97073041139788285174
5.17359642801794117676
3.83340579641654948025
2.91159749965547263999
3.24350119469686645589
2.03813640367861542202
5.09711683209243301723
3.59357760456066956494
2.79381459656864131002
2.43725255154241247949
3.48323125847251204297
4.69989361581727719855
3.77387069200840531395
4.16588526006177947397
1.75148508415001924617
2.74446716139945824639
3.14482113958806884639
4.01043638523290879041
6.39960155009669332460
7.56984808301989637755
5.51392781962187096600
.90476516290140172483
3.41073305903584310392
3.54216035774779682686
4.38602325575229935989
5.06081021181391468311
.96819419539677059561
2.44141352498916086429
4.14984337053821827734
4.06904165621341360088
3.37761750350746494943
1.65348117618556516786
3.65345042391435770253
2.65574848206677885319
2.82396883835498439800
2.66647707659375913112
2.13119684684451426672
2.45611481816302716593
2.34260538717044702351
1.11054040899014566204
1.92862645424146352498
.77498387079990251884
3.79748601050747782738
2.95562176199864924461
1.72063941603114509147
3.22854456373146567103
2.49058226123932714401
2.68637301951906894891
.83988094394384255490
.83144452611103285800
2.18126110312360358653
1.06681769764097933247
1.71706144328035040762
2.31562086706783673343
2.93221759083462290042
3.49015758956526202299
2.31833992330719267195
1.53574086355739066138
2.24786565434858673183
2.55150935722368065157
2.95115231731606832018
2.78512118228273866252
1.61257557962409935534
1.75801023887803338356
2.44333788085070215488
2.62207932755666261516
4.33510092154727119912
3.32472555258325044202
1.53372096549535372125
1.53889570796724233374
2.35378418721853087395
1.67874953462391166793
2.14240519043433985048
2.73065926105766627193
3.31042293370499715670
2.24773219045330220140
1.91556780094049398802
1.79811011898604252307
2.24423706412669336789
1.97876223938097221817
3.36455049003577891024
2.35626823600370252922
2.43174834224267540673
4.19215934811643341950
2.20812137347565203988
3.18935730202810610085
3.81388253620900076089
5.18722469148966015753
8.29261116898652134071
2.69111501054860158126
2.21533293208944104298
2.04009803685999364769
1.44260181616411394285
4.91236195734801284807
5.13288417948427899260
4.00990024813585605982
4.09547311064301824943
3.99462138381098641011
4.20295134399626377592
4.05566270786908511130
.68293484315855491427
2.68343064005761102884
1.31537067019148636633
1.01867561078097869614
1.98574922888062580257
.57043842787806643347
2.20988687493274189091
5.18281776642783380045
2.46690088978053595415
2.22807091449082921688
1.02347447452293601399
1.37189649755366020469
.39255572852781043067
.70349129347846231891
3.39919108024247439481
3.86530723229085633313
2.39983332754589438383
1.45828666591997610571
1.61978393620877719828
2.59620877434770256960
1.38181040667669021575
1.14799825783839933491
1.41545045833473097929
2.02736281903363316070
3.44562040857666153915
3.68213253427955794976
5.17135378793599848597
5.13180280213493784245
2.67194685575892395966
2.77245378681052139192
2.55878877596412791518
4.03614915482567368412
5.84568216720683506576
6.01262837700784564296
2.10430511095705890746
3.93593699136558841331
4.00273656390225111202
4.33678452312309378818
4.77602345052869270352
2.42311782627258965902
4.82834340120915591862
3.87480322081005811687
3.52858328511599680507
2.45963411913235583169
4.01853207029631654773
2.69564463533307743008
4.88937623833552003324
2.21876091546610762809
2.13211162934776939882
4.28091111797477056658
.93797654554898119797
5.50178152965019140807
5.24779953885435681092
2.99703186502913245218
1.86611896726870015488
4.52293046597004407230
1.82584227139148029968
3.10745876883346595434
3.90749280229663378966
6.03302577484963178571
2.28188518554286600197
