5.45001834859296597579
1.58477127687247032588
2.47655001968464186317
1.52082214607757471332
1.11986606342008596470
2.22899080303172179777
1.85994623578209915954
1.59160296556647568970
3.53735777099235468328
3.13914000962046928576
3.49962855171802483109
4.91762137623465273630
5.69067658543340521123
3.92372272210970585550
1.74209643820312083203
1.10136279218066923036
1.89158663560514721669
1.89702398508822233604
1.46112969992400058666
2.39793661300710782570
2.56283046649597951902
2.41966939890556123055
2.80700908441707755011
7.05394924847067495542
5.35804068666896182986
8.09870977378495765540
4.04358751605551379093
5.36613454918901562944
1.38462991445367812405
2.51890849377264993175
3.38836243634000877229
.55865910893853686452
7.26623010921069028044
3.09328304556825190639
2.57678093752651003268
6.90549056910513780480
6.18401972829970845655
4.42475988049069166661
3.25044612322677946582
3.30189339621981133396
2.79894623028024602314
3.48645952220874063025
2.45203996704784565385
2.03727759522358660822
2.85653636420053298085
2.91116815041659865985
4.17709229009846034548
2.75292571639701168308
1.02722928307170059958
1.67561928850201530496
4.49471912359382029494
1.31369707314890520768
2.79051966486530963489
2.98083880812096245091
2.03779292372900343232
2.02832443164302490240
2.56442976117498683189
2.61438329248027440036
1.78361991466792049832
1.02810505299799008428
2.97210363210975535458
4.66661547590970901927
3.13490031739447817486
5.51467134106829615696
4.05278916303328071362
5.21415381437870511158
5.90194035889892740281
5.80331801644541964868
4.67757415761631725731
4.75365122826654164287
4.03868790574364634204
2.19893155873483247436
1.72354286282645143852
1.97114180108890187372
3.04412549018597457688
4.27637697122225182342
2.71589764166472223843
1.05768615382825164409
1.25709983692624827259
2.36484671807709346936
1.78224577429713660690
2.39077393326930850574
1.19222481101510381207
.96182118920306595624
3.44624433260324709670
4.22725679371386190217
2.53118549300520446863
4.35913982340553054207
3.25593304599465005644
3.93647050033402384190
3.87902049491878812888
2.56797585658432544384
2.39016735815716469256
2.45491344042921399294
1.63566500237670916549
2.52455936749366224921
2.22452242065572357764
2.21831016767268142997
.87527138648535746589
1.06672395679482140333
.60016664352494632788
1.26830595677856847318
.86446515256544609890
2.00990049504944398379
2.09059800057304178031
7.18543666035683596157
6.04186229568334336098
5.90773222141965402064
3.59702654980471335413
.78204859184068607336
1.57190966661573781416
1.65172636959031443562
.64358371638816344434
.39051248379533271970
1.07210074153504809522
1.68264672465731795985
2.21192224094790456989
3.22826578831421499794
5.33683426761596185881
4.76174337821768803475
4.41817835764922464498
1.58637952583863108807
1.12116011345391698250
1.77654158408971671332
2.77938842193745924800
3.07149800585968149184
3.32789723399025649660
3.89281389228922681617
3.24823028740266505138
3.33976047045293354523
3.21757672791186131179
1.61573512680760889620
2.07513854959132788984
2.69966664608799432416
.65329931884244300044
2.49068263735065210736
2.95210094678349371650
1.96949232037091223586
1.65798069952578157266
1.02122475488993117141
.96819419539677059561
1.09813478225580306039
1.23158434546725219407
3.73776671289153625262
5.36986964460032307030
3.68783134104584560514
2.59025095309315541230
1.84320373263510943878
1.59928108848944999959
1.45003448234860952909
2.17729189591106502147
1.64933319859875493867
1.33221619867047105350
.34146742157927745713
1.54434452114805004736
2.10325937535055338214
2.01367822652975020938
1.25047990787537246219
1.42080962834575413782
1.35863902490691029024
2.23655985835389614774
1.92221226715469693987
2.42967075958863200045
1.62437680357729807123
1.28393925089935621922
2.41132743525220979060
3.19307062245732360187
4.64850513606256005823
4.72462696940192305802
1.04144130895600641139
1.38426876003180827399
2.43995901604924503699
4.46790778776823011548
2.53096819418972549047
5.14887366323936909237
10.93084626184084614490
2.16704868427084489439
4.08995109995217424482
7.05989376690612817042
6.83818689419936810782
4.70298841163785986209
2.96776009812114024925
3.33211644454391779588
3.11748295905526963956
4.06237615195835847157
5.54711636798796569107
2.81600781248916282192
2.86923334708071452108
2.29560449555231530087
5.18632818090024071704
4.48420561526788153590
4.08639205167590350235
7.75634578909424331500
2.75049086528204997781
3.91180265350899316044
5.72218489739714719750
4.42154950215419390819
8.49617561023782040799
5.87633389112633728328
6.52301310745272073303
