1.64344151097628053067
3.61841125357524832027
3.06104557300279343619
.76347887986505559916
.49699094559156709047
.55362442142665635844
1.03140680626026508687
1.56134557353585244024
2.62314696500215176182
1.19109193599822511769
1.41230308361909342678
1.43610584568129935594
1.59593232939244638888
2.37756177627417286000
3.03962168698672104996
3.47738407427192315885
2.90829847161531892175
3.36107125779862037128
2.58120127072648094959
3.26871534398454464133
6.25706800346616018780
5.62155672389774965970
1.60103091787760301203
3.76183465878020747441
5.03135170704652687570
6.34452519894120997414
7.85647503655424338929
3.79211023046535396991
4.19682022488454942396
12.35995954685936664291
6.42539492949655196523
6.18142378421023646289
2.82143580469235556910
7.87256629060689459749
11.93573625713973289452
4.68748333330370359835
2.36873383899500198785
2.31049778186433236835
1.00786903911172903932
2.38960247740079144738
3.23482611588320153403
1.68291413922398310807
1.27593103261892646859
2.30466917365595012637
1.79949993053625873153
1.75208447284941144757
1.60031246948838088468
2.47665096450832166912
2.63435001470951084397
2.27749862788103562887
1.16905945101179520809
.94683683916501685723
3.35005970096056646379
1.28724512040248185203
1.30126861177852130654
1.99386559226042114877
1.93561359780303258748
2.39605926470945204790
2.34923391768465662087
3.64875321171492769951
1.95542834182181168466
6.75513138288220120388
8.08898633946182406334
6.59509666343109788388
2.35433642455788378349
6.82487362520361984174
4.05547777703194916668
5.98021738735307179970
1.50296373875087219284
5.07435710213619080882
4.69450742890028878906
3.79898670700490869722
4.06422194275853985380
3.78124318181203468599
3.50903120533289073798
1.69723304233685009883
1.76963273025789167561
1.58230844022270196572
1.07079409785448481430
.95707888912043191090
1.59777970947186583678
2.25026665086607013867
1.36213068389196783411
2.01144226862219438644
3.37948220885981289108
3.80939627762720427636
2.01680440300987046412
1.33779669606409179530
.68278840060446252428
.49829710013203970079
.58017238817441148540
.45133136385587031347
2.05652619725594548527
1.86729751244947573833
1.90795702257676653359
1.25447200048466605861
.20615528128088302749
.50149775672479333633
.97421763482293831858
1.96867976065179275261
1.95926006441207288748
1.52164384794865845111
.43554563480765135548
1.43370150310306921990
.97082439194737994592
1.77101665717745297552
5.90122868562132575824
2.54489685449135639423
1.54770798279261970084
1.47139389695621613992
1.47309198626562353585
1.54197924759057636287
2.14060739043851756949
.75716576784743775155
.45661800227323495222
1.26091236808907541146
3.18705192929139452388
4.05346765128328118004
3.86595395730471678880
5.39015769713651327787
5.11779249286252324112
3.52015624653224732396
2.83001766778937265347
2.42233358561532560855
1.35665028655140157310
2.13920545997807326090
1.94594450075021409897
.98721831425475489909
1.90026313967302959944
.83024092888751274811
1.14420277923102424179
1.61003105560110237272
1.88079770310365915227
1.89910505238651819031
1.61294761229247616255
1.97580363396770783447
2.12617026599470626685
2.04707107839469023162
2.66715203916087243367
2.36175781992989281178
2.64624261926226258109
2.35715930730190571903
1.63960361063276510460
1.46918344668050218268
2.12696967538326695345
.90559372789347431522
2.11215529732072494688
2.11938670374238216791
2.12767478717965730374
2.47897156095022598788
1.58930802552557444763
1.56553505230639917473
1.47993243089000519409
1.45437271701582741152
1.48532824655023645046
1.47397421958458961372
1.46615142464890030880
1.62406896405294316553
1.67143650791766541454
.98254770876533013265
1.64030484971544237643
1.68668313562447170155
1.84184689917484726860
2.32959223899806122272
1.26637277292272830987
1.43181702741656204959
2.03901937214926920860
2.37177148983623631043
2.59501445082681572337
4.33189335048775179330
7.65728411383566203378
5.90215214985178097280
4.89230007256300663640
2.70418194654131954546
3.66829660741876215038
4.25219943088279903410
8.91948989572834260296
4.62544051956135308813
5.11715741403369376551
4.38630824270251212357
4.47343268642772806393
3.97556285323223131657
6.23045744709006097871
6.16669279273744915161
5.23451048332124366947
8.24836953585373743953
6.56805146143055124586
3.73151443786567707821
6.97321303274179341201
6.86228824809917176653
2.30659922830126690389
3.00657612576166113612
2.04658251727117028062
.95880133500115653520
3.43524380503043771954
6.28961843039782501558
1.19845734175230450711
2.86923334708071452108
2.22033781213580200560
1.92033851182545417387
