2.03735122156195739229
2.20587850980057376323
3.09751513313494563788
.49658836071740545779
1.75840837122666132967
1.24294006291534428116
1.04196928937469169538
1.53029408938282186648
3.07523982804593632233
2.05360658355002358518
1.45471646721964345817
1.56837495516856555037
1.21404283285228449965
.74458041875945139576
1.32913505709540292751
2.09461213593352408992
3.33746910098056188730
3.20451244341475447483
2.17195764231257511878
2.05221831197365549674
4.62941680992325425327
3.89889728000110308112
3.39324328629704946477
1.25880896088326285793
2.40831891575845909602
7.26908522442817422220
8.64972253890262077694
7.67020860211767643421
2.78876316671028915108
2.53467946691489967575
6.66783323126786067641
6.79436531252183996076
4.82361897334356209408
6.26505387047868886878
10.10448415308767753821
12.36657187744445206723
5.51902165243080016673
4.58567334205130664581
3.99321925268322826160
.85965109201349822981
1.29000000000000000000
.73171032519706867944
1.29069748585793720062
3.02668135091885746399
4.05741296887561101510
3.76909803533948954778
1.81044193499819264432
1.48717853669288812796
1.55054829012191684142
2.58874486962311525504
2.16566387050253022408
1.78656094214555132818
1.60605105771890079098
1.42045767272383023303
.95015788161757622711
1.48276768241016097484
.98076500753238540489
1.24482930556763484318
1.76289534573099375461
2.92330292648572429810
5.36212644386534398702
4.84771079995496431016
1.97800404448524826569
4.15342027731362625223
2.55337032175123395280
4.81791448658026723179
10.86829333428206656995
7.42647291787965789791
7.13361058651227471107
2.94062918437534384747
1.81813090837816186111
1.73366663462154684220
3.23502704780037349226
2.42179685357793790325
3.06799608865461234961
1.55025804303670684100
1.70754209318540665953
1.47912136080850377258
1.96606205395455410076
2.14955809412074276229
2.47822517136760597466
1.56748205731357575881
1.10553154636129673855
1.07429046351533810867
1.97775124826151986934
1.69899970570921524218
1.46570802003673296404
1.64842348927695154947
1.50658554353876633764
1.43394560566292053475
1.31931800563776131615
1.60639347608237005065
.72201108024738789322
.86197447758039796847
.77935871073594859769
1.44844744467999252292
1.59627691833215454785
1.22792507914774670099
.50289163842720630385
2.08751047901561442676
2.43513859975156239565
1.51795915623576644375
1.47057811761225387818
2.04164149644348676967
3.20702354216491525898
3.70437579087219497501
4.06588243804466141871
1.01143462467922265608
1.15563835173465924568
1.33917885287962936829
1.85197192203337683323
2.56766430827707693943
1.70141117899230931319
1.36828359633520418814
1.16038786618957714780
.84492603226554689933
1.17851601601335906494
1.75536321027871607834
2.42109479368322131791
2.37067500935914874717
1.65136307334274614995
2.35877086636239425976
2.79529962615816911284
3.45501085381797317444
3.65777254623630199283
2.81103183902281690253
5.98251619304118557602
6.03561098812705125123
2.51984126484189475819
.46572524088780071186
2.30714108801347474073
3.01605702863855013015
3.34989552075881912869
2.22148598915230613254
3.14415330415041944404
3.57582158391606557515
1.49284962404121601466
2.12120248915562042812
2.66418843177429925571
1.73323397151105943813
.92525672113203263128
1.66039152009398072569
1.53603385379359396461
.80659779320303127147
2.46253933978728550991
1.21494855858180267236
1.65024240643609689054
1.71292148097920705595
1.61520896480919768327
1.36011028964565958098
1.74748390550528390267
1.11180034178803884733
2.71440601237176749663
3.13156510390571315039
1.89741929999670868742
1.38917241550500130854
1.59433371663525952040
1.26570138658373918998
.85475142585432403594
.50517323761260354398
.93064493766419854737
1.00463923873199378435
1.81565415208954373156
1.67074833532761600055
1.72812036617823586136
2.36484671807709346936
2.55072538702228782282
2.60524471019518625180
1.88172792932453441862
3.38670931731673717908
3.74171083864052755051
7.24804801308600604112
6.54330191875630938320
3.46002890161339548311
6.15974025426397342662
1.60227962603285947168
4.23817177565987761604
4.66185585362739417252
.64915329468469926267
3.83854138964268561656
2.88076378760911252884
2.59102296400475771622
4.28303630617346039792
6.65947445373882337562
7.96131270582935964605
9.64162849315404809224
2.19911345773700361846
5.72463099247453678179
1.51637726176568606577
4.03084358416448603330
4.62645652740842254204
3.78642311423327332296
5.45048621684341111773
7.70677623912878373637
2.70392307582889643121
5.11838841824260148635
3.80948815459505005664
1.68371612809285639389
8.56944572303249960901
4.48332465922333133012
