4.56469057001676730302
2.02825047762844123531
3.94002538062891163401
4.80241605861049902432
2.04875571994320494197
.94010637695954387138
2.14592637338749346011
2.37303603006781167582
2.64493856261350615138
3.40047055567314095218
4.51798627709292627506
4.64295164738983686091
7.67766240466458644875
2.59661317873879705070
2.71184439081596272921
2.98444299660757467783
3.50184237223779105953
4.71798685882018963471
2.71313471836545558587
2.42874453164592837956
4.40251064734657967186
4.44201530839325226204
2.72899248808053702198
6.48721820197224443568
2.77944239012072347719
6.61574636756881725002
1.40231950710242920730
3.97715979060434533102
7.90322718893997124856
5.42270227838482757321
5.83239230504944686029
5.99391357962391713360
4.45525532377214044668
7.46694716735025519759
5.52213726739928115669
2.12859108332248728322
8.08129321334153794976
2.50177936677077900949
1.36414808580300401343
1.19611872320434813934
3.58735278443589932913
3.98954884667427026102
2.05487225880345175290
2.86923334708071452108
1.14144645078076264523
1.71108152932582379623
2.78827903912072616649
1.35062948287085751739
1.02849404470808677599
1.89873642193960138928
1.33018795664372183489
4.83815047306302783206
5.43931981041747535155
1.24699639133399259408
.25709920264364881923
1.72699160391705436918
1.85413052399231052624
1.93093241725338486793
2.92685838400152186112
4.39870435469354998568
3.12995207631043450134
4.84657611102931096845
3.18907510102850980193
2.97635683344588237562
2.64236636369750967960
3.66580141306099667993
3.25573340431921728931
2.89159125742211359314
6.00261609633666310815
3.98499686323590473161
2.77591426380571055273
.61684682053164544134
4.23941033635575314310
3.73407284342445574632
2.93521719809624991233
2.83134243778459266747
.84599054368237473816
.87709748602991674519
1.60751360802949347847
1.36047785722517365784
.95859271852022744227
1.02820231472215622512
2.15165052924493293514
1.51439756999276778422
1.70378989314997405286
1.23644652128589855966
3.14283311679128136299
3.86566941162846981492
4.95056562424941499734
1.68730554435170395430
1.60218600667962394983
2.72508715456955614779
4.12586960530746778471
1.77321741475770533895
2.96919180923024910596
3.53539248174796004501
2.14310522373494297821
1.29077496102147875527
3.83893214318773808669
1.43791515744149522474
2.27466481047208359894
1.64918161522617029202
1.34736780427617462051
1.01577556576243750479
1.24695629434234783046
6.91501265363990494556
4.55274642386329265238
3.26769031580411548643
2.53481754767478284474
1.42786553988812265894
.98590060350929900422
.62361847310675459175
1.90444217554642493272
2.35295558819115835856
2.26075208724884294863
1.10571244001322513835
4.55150524552043112330
4.20022618438578852684
1.41763888208527914938
2.79336714378901507118
3.02871259778804367160
3.98874667032139307306
2.85243755409299013106
2.82471237473835555114
2.89815458524903395119
3.23205816779339539163
4.72766327058093256498
3.99922492490732508937
5.76779854017111107351
4.48255507495446172794
1.99454255407098296384
.89654893898771638666
2.41226035079134855808
3.60413651239794189902
2.17784296954578430872
2.04227813972534113299
2.00723690679501008421
2.76378363842034494377
3.49681283456807278974
3.56019662378357973747
1.07144761887830988823
2.58265367403374469557
2.25286484281680777442
.76485292703891772450
5.39357024613567075399
5.87729529630764766799
7.05759874178179670758
2.34829725545979378679
2.47527776219154847397
4.05529283776153457699
4.45032583076790007748
1.82521231641691482423
3.72928947656252611263
3.18568673915060267339
1.42102075987650511171
1.71426369033471627106
1.59336122709196109018
1.01892099791887692748
1.01459351466486321119
1.52715421618119497630
3.04369840818698724107
3.66249914675757979213
3.66918247025137740014
3.77116692815367164038
3.34493647174352176813
3.54885897155691437599
2.35265807120371829012
2.93042659010595247499
2.38482703775347196561
4.98394422119670195652
3.47483812572614668553
1.34067147355345783832
4.39461033539948795310
2.37396293147134039237
6.16958669604374714309
6.03101981426027152129
2.69388195732478226195
3.22677857932644643989
9.56716258877207542568
2.23414413142930418234
6.57939966866278765659
4.22002369661593251106
2.36182133109174877737
2.43936467138474398296
2.61124491382941711226
1.35029626378806217890
3.19476133693895826200
2.76132214708823859822
5.80724547440522786103
5.52816425226313260273
6.04130780543418429784
3.68130411674993241110
2.78756165851089292098
2.46140203948887634783
.88887569434651547344
4.10379093034720763660
2.11813597297246240786
3.39424512962749936977
1.80612845611822416688
3.88985860925561149116
