3.23204269773776348853
5.60398072801825398996
6.26090249085545174328
2.89247299036654791716
1.72699160391705436918
1.72168522093906585290
2.07164186094025431575
1.83218448852728801831
1.08245092267501901741
3.80172329345521936816
2.93208117213695160005
4.84789645103935775060
3.17718428801352346106
1.36345150262119701108
1.79078195210918964633
2.34548502446722093753
3.01003322240801853911
2.00840732920391425263
2.05798445086448600213
2.70225831481744172650
3.86010362555203950317
7.16533320927924467726
6.73196108128976039759
6.69543874589260953833
6.93832112257713249176
2.34576213627895358268
1.88398513794562615174
2.04680238420810913418
7.70248661147814005078
2.30906907648948432233
6.13625292829426971624
4.95206017734033599657
3.02183718952560380987
4.50514150721151044290
6.91770915838473220789
4.38373128738521106903
3.88054119936897461616
.75504966724050676850
2.52703383435995965297
1.71796391114598213494
1.21942609452151711775
1.09252002269981303990
5.33600974511853754354
2.40376787564856186968
3.51253469733752238702
1.25379424149259833805
1.45581592242975554014
3.39147460553665357973
3.72757293691216724929
3.26332652365649735635
4.50498612650471988110
4.68475186109147087235
3.52231457993178116419
2.67787228971062023647
2.57689735922872954462
2.34200768572607378623
2.23112079457836616704
2.97437388369384389335
3.59322974495091254247
1.70554976473863113133
2.02447524064879588242
3.66490109007050830122
2.17119782608586820591
4.89376133459734629915
3.28806934233449523217
5.00514735047830534896
9.18615262228970371682
1.72991329262480667256
6.02489004049036566315
1.33544000239621397975
1.91447120636482804220
3.64665600242194492627
3.14381933323147562833
3.11432175601686987925
4.18945103802395571092
3.64190884015511843508
3.70743846880834962293
2.52701404823954233592
1.48232924817666604658
1.63615402697912276965
.44754888001200494569
.60207972893961477400
2.11251035500420683736
1.32943597062814574650
2.86639145965794420833
.97637083119069057940
2.38153311965212862542
3.26877652952905301540
2.02232539419352591978
1.07763630228384566981
2.52861622236352822145
1.93871091192059885202
1.82068668364438805767
2.09997619034121432107
2.49226804336933229474
.35637059362410922695
2.36581909705708479387
1.50714962760835395430
1.54353490404331317149
3.40473200120068187430
4.62685638419867101887
3.51735696226584315668
1.96903529678875995511
3.68811605023486211882
1.99333890746154854659
4.22091222367866825556
.68483574673055728275
1.13247516529061245458
1.57143246752763766357
2.67419146659322058348
.73457470688827831434
1.86828798636612765647
.89381206078235484951
1.47787008901323935009
1.15004347743900534675
1.93633674757259100053
3.78199682707429039429
5.92800978406749932719
4.74802064022472421265
2.22418524408377460128
2.21652881776890056295
3.82844615999755180049
3.44345756471602245879
3.61091401171503944191
5.96414285543195217653
2.31678656764061889706
2.50840586827570629489
3.97590241328934027950
2.74534150881088016233
1.56464053379682069388
3.54691415176629275011
4.99799959983991995517
5.53892588865386426917
7.57504455432441664526
3.95506005011301945971
6.49297312484812307189
6.79135479856559990047
2.03548520014270798922
3.53769699098156228736
1.03000000000000000000
.22472205054244231864
.81498466243236749639
1.68798696677432909615
3.95891399249844779953
4.33882472566016429997
5.39401520205495898452
4.51382321319743314556
2.48068538916163248321
2.76255316690919090806
1.90488844817747792441
1.67722985902350307519
1.36414808580300401343
1.18198984767213631089
1.64645072808146919049
2.54373740783124074416
1.64060964278526657695
1.42593828758470469790
2.39357473248695537778
1.49485785277396860587
2.74949086195971926165
4.06583324793331877244
4.37516856818111637887
2.67852571389561238985
3.97293342506516210059
3.65510601761426340162
2.21250988698355876974
2.63723339884811863801
1.91554169884134863747
1.31506653824055610026
2.62741317649128036795
3.05812033772381167884
5.97931434196263008277
4.92297674176915038571
3.65186253848635436284
3.68604123688273460422
3.67725441056231517303
7.76348504217017217278
5.06370417777342123439
2.13813002410985286645
4.85280331354980839800
3.42687904659618822677
1.97228294116234752774
2.97100992930013614924
2.57367441608296677725
.75319320230602187770
1.98325490040992965650
2.82513716481164857440
5.78662250367172301169
6.96641227605716714662
4.18218842234541125654
3.97655629911107884970
6.31171925864894596073
2.96177311757669918925
2.38633610373727531214
1.79635742545853051064
3.20889389042392612424
3.21996894394961517616
3.38475996194708022902
2.94348432983768405180
2.49795916700013333104
