2.55041173146611760953
2.99095302537502250221
5.29394937641077183733
3.68349019273840336907
.69346953790343235234
.88056799851005260115
1.30709601789616052674
3.20114042178721050868
3.98830791188443723950
2.32224029764363532801
3.85141532426717126702
4.04320417490880616052
2.47032386540712511491
2.24412566493055374975
3.77197560967724180219
5.09919601505962898594
3.84490572056064854558
1.19117588961496362214
2.61445979123795285037
1.19096599447675247215
2.12082531105227994918
1.92200416232639829317
3.08342342210731739132
7.86946630973155637665
1.83144751494548704689
3.33493628125036296022
1.49432258900145118565
4.86903481195195399477
1.52095364820891238098
1.65435788147546841491
2.24637485740915467538
5.72918842420111017943
1.67077826176904755657
3.31350267843561581147
6.19339163948155308322
5.84811935582713633110
3.24149656794512124006
3.02373940676110513265
5.00420822908080035062
3.86684626019706141613
2.16060176802667640508
3.68533580559492570103
.56329388422030644304
.82661962231730260323
4.59881506477483827945
4.54386399444349566460
1.30548841434920440277
2.96615913261578061274
2.84467924378127383980
3.98449494917486374268
2.98886265994274149752
2.72855272992845054894
1.50033329630452446344
2.44100389184450093125
2.22119337294167164098
3.27030579609919659268
3.75833739837178535345
3.87898182517010512481
3.95906554631266492751
2.22225111092333577440
6.43666062488927561137
5.72024475000851689956
6.93284934208150812027
7.21815073270155532570
3.74729235582173385352
7.93582383877061625894
2.66131546420186721914
3.00547833131433506264
8.97771128963278702738
5.18840052424636932057
2.08779788293790546223
2.20104520625997139014
4.10001219510381456621
3.55853902606111655946
3.22522867406328260183
2.57588819633151003730
1.27792801049198385586
1.50625363070101842659
1.30487547298583246839
1.74668256990215597674
.74054034326294472314
1.42562267097573893765
1.19444547803572851066
.14142135623730950488
2.43772434864978119822
2.50001999992000063999
3.57443701860866475667
6.12379784120932587795
4.30206926954924797152
3.82379392750184695410
4.87266867332471108577
4.59985869348178999036
3.57466082307119034451
3.58215019227279190307
4.69334635414860470320
5.58520366683257129009
1.19624412224261315281
.41833001326703777398
1.28910821888621903239
1.76717288344972066006
2.53765639912104727795
3.35222314293067310420
5.56370380232449110560
2.86646123294908699869
1.59436507738974262820
8.87564082193505620004
6.08626322138633764167
3.69379208943871122151
3.32440972204089187836
2.31700237375795538911
3.12952073007992711075
1.45285924989312023858
3.15482170653113137223
2.27951749280412410701
1.49241415163486036946
1.14512008103953883985
3.08865666593099984846
2.05837314401446658594
2.10461397885693042832
2.75463246187218232309
1.80590697434834665959
1.62237480256567101307
4.57063452925302265410
2.80907458071159086126
4.21939569132832101108
5.66486539998965906586
3.49131780277877310284
3.54201919814108291628
2.41474636349244762663
2.48404911384618158479
1.99223492590607897915
2.16226732852346451024
.91509562341866765153
2.32245559699211472351
1.05550935571410261185
2.20839308095275466066
5.44809140892478051307
1.97840845125570569070
1.50166574176812064610
1.42499122804317641174
1.58889898986688263298
1.63795604336624369621
2.14611276497764674192
3.62819514359412591946
3.65397044323021310341
3.14510731136474896593
2.54499508840390495555
2.41352439391028322790
2.24430390099023799740
2.97378546637110324014
1.70355510624106316286
1.84826946087414429258
1.46130079039190285384
1.84729532019111659958
1.57092329539032554254
2.12722824351314027018
2.16268351822452283652
2.11246301742776079303
1.96969540792478876104
1.93778223750761014142
2.48080632053370905627
2.53655277887135634503
1.39491935250752041460
1.07791465339330089283
2.75132695258124493225
3.64869839805923120368
3.35699270180916538733
2.88086792477544863931
2.75996376787812198264
5.01619377616136356531
6.19911283975376592757
7.10903650293061865636
5.49862710137721559606
5.29880175133963659785
2.96475968671998776555
3.98111793344532811768
4.40352131821795544262
7.48038769048770626618
1.60558400589941104457
4.39670331043612721048
3.58809141466601990474
5.22346628207744823382
2.10658491402554195733
1.55695215083829727821
1.70099970605523621295
3.64356967821393529611
3.48416417523629331056
2.74200656454356432673
4.56453721641088166952
.40693979898751608834
4.52410212086332109577
5.73816172654622902098
3.61682180926846325606
4.00890259297977954748
2.96118219635334157869
2.39303155014721859809
1.15529217083818238779
2.82499557521777368181
2.68661497055309360159
3.62971073227605838645
