2.13358852640334565518
.90790968713853912706
.59084684986889792167
.61294371682887817983
.26076809620810594858
.85656289903310661660
1.36403812263440789802
1.87117610074519709808
2.81341429583344514575
1.98227142440181485858
1.42334113971317501576
1.76127794512961525359
.93493315269060814281
.87235313950257552792
.92784697014108959151
2.02963050824528157514
2.83769272473254228484
2.55542560056050154613
2.41002074679866604670
2.72172739266811950863
4.47908472793270567307
4.26998829038207082528
5.39971295533382959473
4.86738122608040637127
4.52906171298206092350
4.50489733512318791000
1.93129490239062144115
4.28516044040360290452
3.13261871283435961026
5.47805622461106180275
3.45573436479136804616
6.17061585257095711876
5.36755996706138346986
9.64834182644872921585
3.35225297374765557832
3.84980518987649555586
5.37819672380994259963
2.50189927854819927001
1.85097271724896042563
1.30030765590301743789
1.72768631412070866123
1.76229963400098338668
.95131487952202240322
.72518963037263570623
2.62847864743086699475
1.83591938820853460695
1.93258893715140571793
2.42672618974617735920
1.39932126404196402463
1.51683881806868326203
1.20424250049564352684
1.59138304628395485492
1.20867696263310983981
.87103386845747852355
1.00677703589225752661
1.28331601719919322450
1.09110036201991977892
.57515215378193621087
2.79315234099395301851
5.49569831777545809638
5.90493861102721371890
6.06614375035738829135
4.73525078533333860424
2.71427706765540057679
5.45019265714524994349
5.42211213458371773648
12.41642057921686220777
6.09840962874748189868
13.08864393281443041334
3.67435708662073289242
2.70201776456040347773
5.49927267918222072953
3.69329121516297439125
1.31011449881298542936
4.45044941550850569826
1.49659613790761868316
.74087785767965828714
1.84393600756642311412
2.07889393668844972173
2.22229610988274917602
1.49629542537561746032
1.10751975151687475446
.71589105316381765772
1.09242848736198746200
3.29388827982978196212
3.93605132080362996884
1.94141700826999040690
2.40141624879986185205
1.54405310789493247922
1.59480406320024153617
1.37324433368574290287
1.54363208051659771146
.76843997813752506508
.92401298692172070574
1.02205674989209870194
.87114866699088738260
.96886531571730856341
1.06705201372754083753
1.53339492629915793653
.95796659649488822873
1.37277092043792943975
1.80646062785769012176
1.41216146385602804410
1.52882307674890883693
2.40289408838591968433
3.12645166282800540597
2.60440012286898804008
1.50366219610655903461
1.33734812221799601254
2.22634229174221994789
1.90173604898261314943
1.69817549152023743367
1.71630416884653636268
1.21037184369102043318
.25553864678361275222
1.78812751223172001168
2.19333080040380593748
2.60693306396616175182
5.25376055792419987976
6.64013554078529333750
4.62780725614194092269
3.71704183457759861678
3.10390077160981420443
2.81145869612199709441
2.01059692628831003094
2.19326241020084051409
2.53572474846936018936
3.00790624853900657606
1.61554944214035120937
2.08825285825256324489
1.07721864075961849278
1.78073018731081211487
1.43892320851392205209
2.58853240273325533660
2.00114966956497284378
1.58098070829469642836
1.45958898324151515226
1.35166563912825719208
1.75425197733962950776
1.20954536913668517422
.83845095265018334881
.65977268812826740107
1.77451401797788004963
3.80686222498266937214
3.64632691896927969351
1.95657864651539116197
2.29161515093612522572
1.60972047262871077643
1.28922457314464806162
1.49525917485899413557
2.20993212565454145442
1.58385605406552018520
1.06906501205492643322
1.69212883670245393049
1.24362373730964141644
1.38960426021223754738
1.76527618235787682651
2.45932917682851068963
2.15976850611356031042
2.87576076890968105438
2.95638292512996360662
2.73316666158505599462
2.81666469427938830760
3.02735858464107287522
2.96008445825452757468
2.91880112374926976627
2.05265681495957818574
2.24042406700160226608
1.28378347083922217011
.69267597042195710919
6.04680080703837969579
5.34168512737319626448
6.21119151210136169956
3.04744154989066197184
3.73431385933212635741
2.90353233148866451536
2.45434308930108628364
3.76686872614377152520
4.39005694723883963423
6.09853261039079793490
4.09002444980467078869
4.93370043679184072936
7.73682751520285606528
3.69153084776492149523
10.66090052481496517973
6.07292351343238967357
8.26833114963352202577
3.33649516708776306898
4.97201166531214003345
3.25706923475691563322
2.29804264538324005402
2.95381109754838587917
8.67046711544424231547
5.44870626846410211222
6.12361821148248921431
5.01164643605272697413
3.47834730870854815506
3.22387965035917555108
2.63744194248897164231
6.34859039472543070129
