.70007142492748552406
.48259714048054615467
.62697687357668942971
.81492330927517345127
.78390050389064044790
.80037491215054960641
.57671483421184858577
.44068129073061406744
.37027017163147236157
.91787798753429096492
1.12489999555516044992
1.20544597556257161366
.77064907707723883317
.16155494421403512093
.24596747752497686660
.65863495200300446855
.74316889062984868729
.42731721238442993474
.30903074280724887129
.34641016151377545870
.53721504074253170522
.78102496759066543941
1.07717222392707471818
1.84632066553998143781
3.91394941203894458306
4.85026803383070779341
4.49365107679712933894
4.34981608806625294545
9.67467828922491871817
10.83336512815847077871
15.02269616280646208556
11.12552920089646791809
10.03670762750415082549
6.59735553081687420439
4.95873975925335287200
2.86407052985781060705
1.54045447839265928760
1.15108644332213382209
1.23927398100662147323
.36455452267116368885
.26495282598983540564
.43749285708454715295
.32664965942122150022
.55398555937858163632
.63182275995725256874
.96938124595021952590
1.06273232754066534042
1.62422289110823702859
1.65731710906512999770
1.35366170072141732290
.83600239234107458384
.30545048698602528173
.36783148315499041850
.43462627624201461756
.47801673610868479716
.45122056690713910763
.37749172176353748486
.71344235926947875611
.64730209330729033260
1.67532086478978706713
1.94817863657314546582
1.98227142440181485858
1.06423681575108084587
3.25056918092816477130
1.86611896726870015488
1.84190119170383295563
1.47444904964532429922
.86458082328952913226
.72512067961133200603
.65007691852580029900
.62745517768203969136
.61911226768656425970
.58043087443725803239
.58787753826796274356
.71344235926947875611
.61465437442517237811
.89899944382630181914
.90939540355117256332
.86515894493439758921
.75272837066235254263
.59531504264548867520
.76380625815713240986
.71763500472036618735
.67386942355325783100
.76426435217141980735
.60174745533321534769
.26305892875931810879
.62785348609369049198
1.03411798166360108990
.85871997764114001076
.94831429389206192645
1.13973681172453142801
1.21959009507293064109
1.07205410311233826273
1.26940931145159006983
1.06033013726857730958
.69411814556313106083
.89162772500635039416
.88413799827854927456
.48466483264210536281
.56515484603779166391
.75643902596309770247
.59287435431126551638
.57035076926396794332
.89504189846062513812
.75352504935138022258
.58051701094799969694
.90083294788767578691
.88481636512894583780
.79328431221095000297
.69577295147195827161
.55982140009113620879
.72945184899347537399
.63733821476512766847
.69720872054213435519
.77491935064237491268
1.19958326097024211519
1.34866600757934134268
1.45842380671737527695
1.79888854574150868931
1.17885537705012823171
1.01064335944981105881
.71505244562899020966
.85058803189323090780
.92352585237230906659
.77012985917960615066
.69921384425653358197
.60547502012882414206
.64451532177288074149
.88600225733346752009
.74256312862947888223
.66940271884718245443
.58804761711956626208
.79912452096028188390
.80678373806119815716
1.14100832599942056689
.51439284598446740062
.55434646206140794671
.39610604640676718657
.40718546143004664011
.40767634221279016965
.95215544949341123854
.73184697854127948841
.83677954085888118109
1.39606590102330054725
1.05019045891685761401
.60041652209112300543
.73198360637380397550
.80024996094970226496
.43908996800200297903
.27748873851023215893
.37483329627982624030
.64652919500978453494
.79705708703956707243
.85685471347247661621
1.06817601545812663879
.97221396821893070350
.92482430763902394305
.94074438611133896045
.99844879688444714956
.86267027304758797976
.80845531725630947203
1.02323017938291870926
1.17085438889727018010
1.60533485603471526939
1.64772570532840811174
1.52528685826633935500
1.53313404502019979114
1.45013792447477215821
1.65849329211787890185
1.48573214274982958652
1.71400116686074633488
3.22239041706618783818
3.88090195701978536854
4.36241905369028022266
5.20273966290837965852
5.19042387479095969064
4.73013741872263157191
6.79014727380783693116
4.70537989964678622441
4.90365170051870629389
3.98918538050063549562
7.29219445708903185170
11.85913150277034410118
8.97863018505607012173
6.90534575528264189176
10.59831118622207658000
10.86698670285374003410
9.74648654644328742685
8.05401763097151408265
8.81621801000860005389
9.24448484232626128653
8.33187853968119244810
7.81540146121745942904
8.03677173994633245612
8.02100367784481195970
6.85434898440398933266
6.44294187464080728067
6.61690259864840386181
5.91236839176991744393
