2.11627030409633636667
.54726593170048507962
1.56163375988097798295
1.66397115359611928580
1.43680200445294479690
.64505813691480553247
.98320903169163371960
.53000000000000000000
.92173748974423298109
2.27932007405717374382
3.33543100663167667926
3.60452493402389991013
3.30652385444291026061
2.76372936446389410214
2.28766256252971014955
2.40360146446951558683
2.68270385991447069375
2.12033016296990879740
1.54055184917613207868
1.05612499260267484685
1.54029218007493630201
1.70847885559055134593
2.47864882546923133106
2.90260228071294672852
4.80022916119636938318
7.07661642312199934034
2.11208427862147584330
2.31555608871821543704
2.43534391821771242823
1.15160757204874265276
4.20216610809234907855
4.32121510688833911005
9.87920037249979053181
3.15575664460997372388
5.16054260712960299457
5.44111201869617824908
6.63052034157199460438
2.98211334459305889073
1.62864974749023308839
1.52253078786604509175
1.36238761004348538519
1.33824511955022649355
.38716921365211878116
.48713447835274398692
1.13375482358400574965
1.33734812221799601254
1.16597598603058716682
1.77586598593474952563
1.10045445157898289088
1.29375422704623462034
1.18638105177046721071
.63639610306789277196
.93043000811452765611
1.04177732745534446095
1.60340263190503713230
1.64030484971544237643
1.75601822314006753020
1.72362989066678696885
3.10506038588623908906
4.20866962352713069309
5.40831766818481179348
3.69270903267506306783
3.27207884990566815038
5.25125699237811060684
6.00457325710995052391
5.53122951973609570986
6.55177838453041694455
7.48298068953809341580
2.86874537036663468320
3.79817061228165473256
4.22949169522769012375
4.11301592508465738860
4.20480677320611249987
4.44442347217274065192
2.27345551968803647407
1.74911406146082994663
1.87685907835404627109
1.27440182046323207533
.33120990323358388373
.34423828956117011243
1.45560983783430098113
1.38484656189774324037
1.73285890943261736746
1.06009433542491868179
.88848185124964707970
.48311489316724650110
1.83002732220040911606
3.05257268545730127713
4.04388427134110750629
3.29857545009963354028
3.54379739827208519271
4.31917816256750399865
3.41194958931107304248
2.24951105798571259212
1.94159728059142068834
2.06228029132802411117
1.53495928284759397392
.88904443083571475685
.51932648690395139521
1.92981864432904679096
2.03128038438813266653
2.93974488689069752755
3.76070472119255861153
4.72426713893276784501
3.10351413723217958213
3.91370668292860189402
3.01711782998278010574
2.08851621971197532761
1.54188196694818374803
.68483574673055728275
1.01631687971813200619
.92444577991356529313
1.14297856497836388777
.62241465278381742159
.46626172907499067009
.45453272709454046527
.38288379438153294606
.34885527085024815488
1.23109707172099146375
1.35388330368610425522
2.32458598464328696898
2.25995575177922454827
1.13639781766773909974
1.69649638962185828755
2.37892833015204558515
4.77708069850196271519
5.53543132917390638999
4.62348353517128900351
3.49498211726469353046
1.87525998197583259791
1.76071008402860009291
1.57651514423426963792
1.22588743365775635966
2.18734999485679017385
1.06400187969758775233
.85901105930016989508
.94688964510126521923
.59430631832414502776
1.39445329789132773236
.96067684472979778383
.98168222964460347819
1.10009090533464551499
1.38249773960032209522
.77136243102707562445
.56178287620752557074
1.99834931881290464236
1.11521298414249105262
.99543960138222349105
1.10000000000000000000
1.18718153624456272538
.41303752856126766244
.61886993787063207130
.72862884927787480517
.61212743771211562968
.78351770879795690805
.77265775088327432114
.46690470119715008069
.72512067961133200603
.92059763197609844818
1.56872559741976544315
1.67696153802047588881
.92265920035514738262
1.22225201983878922121
1.46768525236169079658
1.47193749867309243709
.89638161516175687347
.74337070160183203174
1.56236999459155000760
1.14477071940192460532
2.02160827065977349300
3.86079007458318044200
1.88194048790071998918
4.18277419902150587031
3.94925309394067576515
4.18033491481244837352
5.02283784329137983769
2.17754448863852147933
6.10752814156431046730
5.50455266120690319624
4.54592124876795462509
8.61569498067335250531
5.04940590564870314427
3.24587430440551717923
7.15891751593772729927
9.66909509726737561990
6.66442795744691053675
8.22550910278506712686
6.53370492140561854437
4.76723190121898727000
3.87810520744344943821
4.46573622149808575099
5.45984432012488795651
6.30774127560729935175
3.19114399549753943722
5.49331411808937064719
7.57840352580937722132
5.64560891312885752922
3.53848837782463261830
4.66150190389320767892
19.09301966688349692802
