.59236812878479544343
1.45165422880243765024
3.05001639339856663662
3.52648550259319795775
2.67874970835276060511
3.19227191824255472524
1.97322071750729396197
2.06978259727924082282
1.47326168754909254919
2.71582400018852473502
2.79202435519463189370
5.18439003162377820726
2.22490449233219896431
1.17290238297993068746
3.64120859056440214809
3.47869228302820713863
5.12770904010748254155
7.29206417964076890501
5.94569592226174984028
5.98379478257735707250
7.67125152761920589079
6.13151694118184753792
3.63584928180473399556
5.86717137980475221775
4.11565304660147464184
4.95835658257854625628
8.91268758568368085710
3.15215799096428540675
4.81989626444387286255
4.93737784659023235262
4.02572974751162351295
3.35113413637830976036
4.26580590275741448906
4.51519656272016578527
8.25855919637317850714
6.92878055649044206327
4.88987729907407799364
1.58634800721657541344
1.96216716922896250970
1.36169012627690004852
1.30038455850567527415
2.62087771557545202460
3.34211011189039072330
3.30119675269439219167
1.78398430486369470189
.85667963673709438767
1.46406967047336924197
2.59441708289164639473
2.16981566037301887660
1.23174672721302572170
.83839131674892721302
.93155783502689729671
3.47162786024078335400
2.98462727991285370815
2.86136331143040974023
3.39190212122932580355
2.88530760925070171277
1.82909813842778813320
1.50894002531578437814
3.82138718268641289480
.60580524923443837719
2.63569725120318020185
3.96955916947965394602
1.68777960646525173020
1.54857999470482634799
4.44842668816740195584
4.44253306121631468495
4.77127865461660078045
5.69281125631264890963
3.26961771465717380126
1.80933689510826037319
1.30587135660447043898
1.88732615093417279761
1.58120207437253256343
1.35606047062806163046
1.91026176216768784485
1.40092826368804480623
.80752708932889675537
.31400636936215163340
1.16365802536655931405
1.67391756069407432451
1.42930052823050478294
1.60480528413885776312
1.56658865053976437902
1.96155550520498909485
2.66227346454116166927
4.92471318961825430689
4.69479499019925256629
3.07183983957497367437
3.52359191734797802478
4.12333602802391064112
3.49292141337305211350
2.04012254533888233289
2.53063233204667643201
2.57126428046593452458
1.56438486313311022141
2.90724955929139320249
1.95537720146267431108
2.52909074570288995788
2.57138095194002710804
1.84762009081953858255
1.76445458995124042835
2.40455817147350377841
1.88111668962879599453
3.51347406422759864948
4.22007108944861259430
3.86806153001732897718
.81835200250259056844
.39064049969249220178
.58906705900092563230
1.56115341975092249419
1.76748408762285608306
2.05302216256912336333
2.12971829123008660889
1.11575086824971819064
1.31434394280949155215
.68563838865687793400
2.32864767622755675641
2.03128038438813266653
1.27412715221048483862
3.52958921122557830157
2.32357483202069478776
2.21876091546610762809
2.64181755615333891285
1.70217507912670369937
2.16358498793091093124
4.36689821269055915236
3.22113334092210470230
3.48295851252925491977
2.49515530578759766306
2.03852888132594285302
3.14930150985897188675
4.53803922415838093866
8.54736216618905180225
4.64146528587686412311
3.16121811964944930783
2.52007936382963939384
2.41238471227124136739
3.18136763043820510926
2.71140185144142733728
2.04352636391116813993
2.00407085703075878045
2.92726835121073243909
3.07611768305440486117
3.03502883017608252834
4.43898637078331205817
2.50643172657864351411
1.83071024468647140413
1.74221123862750925602
2.00481919384267667680
1.35295971854301708179
1.52990195764303798736
1.16952982005590605633
.77910204723129819279
1.10480767557073027424
1.03033974979130063649
.83192547743172284698
2.28212620159359285158
1.09731490466501911996
1.59015722493091858416
1.46075323035754399799
1.51188623910663331362
.93000000000000000000
1.93873670208205425617
1.58268758761797332799
1.72420996401250390175
2.39904147525631578022
1.58256121524571680626
.95509161864189762137
5.16148234521828041096
9.25886602127927974911
8.15009815891808753373
5.31010357714423495217
4.07834525267295142470
4.93271730388028622529
2.88878867347544133228
3.37484814473184852365
4.30726131085635434773
3.88733842107938937804
3.30857975572601241774
1.78818343578056890578
7.69675905820105557499
7.26115004665238962310
4.55752125612157732259
4.58351393583569242757
7.03587236950756519335
4.31844879557463318546
2.82131175165028510182
4.63816774168420950609
1.01449494823779186722
2.71366910289371869098
5.14732940465247473557
6.87920053494590314519
3.36882768927115059711
3.87758945738199571972
4.16227101472261174047
4.51701228689938367318
5.43813387109953371732
1.74048843719227275997
6.63115374576702149924
