2.80816666172077472015
3.23024766852326665370
1.52279348567033212141
1.79758170885220124393
2.01556443707463741309
2.70885584703210074673
2.56698266453047945003
1.39057542046449246161
1.36282794218492599851
3.64823244873459235011
2.32346723669605464053
1.81892825586937320522
1.96758735511285495758
2.28100854886604929620
2.53617822717568490681
2.92034244567310975486
3.31871963262942716451
2.00591624949796944407
1.07912001186151672626
2.54578082324460917053
2.55431008297739763669
3.60384516870522615963
5.59369287680330193510
8.11424056828487184581
3.90184571709338604904
2.54695897100836706823
4.72793823986735258199
7.49870655513335846391
5.74802574802862204437
3.79316490545823752220
1.51532174801261266660
3.80149970406417367118
4.23870263170229954266
4.88263248668174901783
7.44997315431404759367
6.88919443766831130364
3.89391833504504816804
6.56262904635025062758
5.64905301798451879249
4.25451524853302176997
5.16013565713150607282
2.50445602876153527408
6.67069711499480389951
2.50265858638368809365
1.43965273590543355032
1.26629380477044110033
1.21053707089043745649
2.52130918373768670172
4.09143006783691709233
6.12253215589759071050
2.03639387152878654502
3.05434117282270874999
2.52562863461752824655
1.32230858728210640022
.84994117443503112123
2.25228772584676667460
2.90037928554180651319
1.51967101702967277456
2.38335897422104671084
1.70355510624106316286
1.19054609318581193687
3.04561980555682622780
3.44724527702918174583
2.63890128652058525612
7.25803003576039219465
3.36316814923072200529
4.76263582483481514408
3.78224800879053937271
5.02717614571043253393
4.91032585476768537441
2.70835743579018757256
1.97570240674044834752
2.52545045486938824641
1.91428837952906144678
1.71473029949318852059
1.86196133149966355578
1.19774788666062775900
2.34763710994693555938
.92887028157864971065
3.14156012197761384812
2.87463041102678102172
1.60140563256159430806
2.90632069806482299015
3.73515729253802643657
2.01256055809508499867
4.02200198905967723043
4.72144045816528326999
1.92483765549201577334
1.85313248312148476029
3.36636302261060371219
1.80111076838710838906
1.76739921919186102145
2.01228725583600513941
1.92294045669646255950
4.85498712665646519322
3.57296795395648629934
2.43534391821771242823
1.86700294590019327050
2.80239183555761880541
2.01853907566834088276
2.52556924276488606433
2.65565434497790016889
1.31548470154540375787
2.55119579805235646676
2.61273802743405562428
1.45320335810236827294
2.43659598620698708562
2.76233596798072337593
2.20093162092782882530
2.69573737593260371369
1.40306806677366868222
4.29777849592088680039
3.50065708117776083320
3.31163101809365229287
1.46880904136650792880
3.14760226204010725228
.77646635471216652067
1.16524675498368155721
1.58612735932522139947
6.13802899960565517040
5.15388203202207568727
1.56102530408702856491
1.27726269811656208094
2.99924990622655517321
4.41717104038319983188
3.36811519993007365068
5.75229519409426692541
3.72671437059509566058
1.98035350379673376131
1.35262707351287331831
3.82294389181949674085
2.73545243058620926185
5.63404827810341007553
7.12421925546933177766
3.62361697755157339973
4.37303098548363821217
1.52633548081671743597
1.89981578054294516905
3.09434968935316035654
2.63838966037998261406
2.90175808778057858280
2.63675937468704185889
1.76028406798448300902
1.70874222748780923313
6.70048505706862986359
3.52975919858564856180
3.15735648921688917354
2.14396828334749392579
3.66023223306937178827
4.50360966337003944394
3.60091654999112691184
2.50329782487022506500
3.06563207185728666006
3.59107226326622394244
1.97119253245338772006
1.80612845611822416688
1.93920086633644014572
1.91556780094049398802
2.13983644234787253050
2.74286346725461345920
3.31042293370499715670
3.32477066878303653023
1.85108076539085673683
.75193084788429846675
1.44454144973413622015
2.81103183902281690253
2.48040319303132651002
2.62232721070426297020
1.18932754109202398475
6.06193038561150090018
3.37549996296844891551
5.98056853484683343947
2.47761982555839264498
2.45450606028993132734
3.67544555122232765745
8.42344347639372481353
3.36899094685634321607
5.95278086275649827905
2.95726224741736423499
5.62449997777580224962
4.29568388036177541070
3.87735734747263139076
1.61040367610111968472
6.46328863659979214454
.93026877836461866285
2.50395686863811613858
4.88017417721949756230
4.02456208797926237186
3.13371983431831378514
4.89340372338109866689
2.15172024203891338491
2.11785268609504565795
3.07266984884481202864
3.78371510555432806887
2.63600075872523223369
2.27301561807216802062
4.57640688750465019225
4.08148257377144757545
5.29816949521247385319
6.66220684158034829173
