3.19828078817354621585
3.27038224065628145038
2.44583319136853648186
2.47703451732106470458
1.56275397935823538890
2.65732948653342572282
.97010308730567392210
.51980765673468104465
.91082380293885600670
2.05399610515696937628
.99523866484376500031
6.19795934158977845097
1.79304210770411077928
3.54543368292230224307
5.97549997908124839447
3.28257520858243246435
1.59724763264811258257
.78492037812761620261
1.66724323360450319147
3.49044409781907264970
4.18312084453700667889
4.70562429439495307440
4.96417163281045309991
3.96102259523976964652
4.55302097513288423023
3.38388829602869722151
4.87432046545977524528
6.92527255781315801346
4.87147821508010030431
2.07306536317599016509
2.69001858729637777200
2.31028136814544734361
.88413799827854927456
3.04637489485453841769
2.86386103014793649047
4.01672752374367559614
2.52311315640024357588
3.44843442738875346589
2.31404407909616103751
2.56863777127099024522
2.00344702949691185490
2.43398849627519809278
1.80571315551501700853
4.10564245886073231017
3.08162294903188959231
2.99469531004407859108
.65795136598383926449
4.24289995168398944891
4.95311013404709183032
4.12481514737327350209
2.11480495554554628530
2.62429038027425615909
2.65787509112072458204
2.73892314605576328135
2.00182416810268328821
2.85420742063361610902
2.02002475232359467244
3.04120042088646304987
3.78526088929151619183
1.73046236595887863301
2.97196904425332128996
4.67096349803763720227
3.44778189565407399770
1.59705979850473977172
3.77196235400089856199
3.48739157537549832282
4.89626388177761513916
3.07110729216678458916
4.59431170035294840790
1.38170184917007330463
.67386942355325783100
1.60701586799881973038
1.86400107296106458008
4.29536959992967310659
2.24842166863780246748
2.93853705098302274239
3.05558505036269608988
2.42899156029822384395
2.49969998199783967594
2.23159136044213972933
3.20967288052848151923
2.53187677425264912911
1.61721983663322655893
1.96150452459330309850
2.95113537473291794093
2.77686874014599400906
5.78510155485623259944
2.81115634570544652942
6.07342572194638764728
3.37646264602468244157
1.96010203816025863546
2.18297961511325157861
3.04279476797236523708
2.65497645940599631524
.81326502445389842302
1.52908469353401088840
2.47673171740501599286
1.68792772357112494936
2.79060925247516514429
3.59389760566435726603
5.50658696471780058638
5.48155999693517903576
3.08241788211786754810
1.61629205281718811029
6.19398094927648288129
4.17625430260179438704
2.58503384890797899973
1.20818045009841141693
.95252296560240478014
4.06041869762220457638
.71651936470691425409
3.67778465927520014174
4.17421848972954457157
2.86225435627234219430
2.58509187457622093698
3.05445576167015389956
2.99536308316704738010
3.27783465110734345595
4.31529836743648584529
1.89055547392823149605
2.31918088988332257687
3.18951406957235415171
3.81460351806055985554
4.61592894226070165574
5.46758630476008124255
6.16515206625108315340
3.31321596036237879281
6.62284681991060397196
7.37059699074640764610
2.72921234058473361579
1.85679831968902858548
3.75606176733024453067
4.13015738198921422166
3.48783600531905742869
2.09768920481562282363
5.18863180424281021270
4.05308524460071034415
2.48280083776367370549
4.11130149709310421426
5.46520813876287789457
3.68796691959133494611
3.72057791209914054663
1.57159154999000933162
6.23105929999065247220
6.87357257908869396118
3.02834938539132237954
1.77637270863971561974
3.86519081029643347671
4.19181345004760439661
3.26658843443737184857
3.52559214884535389305
1.89052902648967545546
2.39676865800602457727
2.22587061618594534156
1.15736770302268241582
2.39186119998632027644
2.53239017530869440861
1.50126613230299710241
1.94620142842409814114
1.23146254510642750607
1.97162369634775895285
2.39829105823292432172
5.38168189323746633503
1.42989510104762580097
4.01438662811642994342
4.57149866017698839268
5.79248651271627908311
2.17775113362385831636
3.28548322168901054334
3.90904080306153877834
2.85998251742908386611
4.30694787523601218704
3.12317146503358025285
1.65680415257808911613
1.07893465974543611377
.34190641994557516644
3.64056314325132946182
3.91485631920253236769
2.05087786081960522001
4.67825822288594924882
5.36135244131553060129
5.22981835248605933835
7.14771991616907160411
.71028163428319051532
2.32957077591559771867
1.55438090569847132306
4.74768364573715041879
3.19820262022280258152
1.60707809393321020403
4.03723915566070967928
2.29708510943761071606
7.07108902503709113073
1.31244047484066872631
7.49409100558566742576
4.73338145515444381451
5.22422243018039958340
3.90612339794840582811
2.28903909970974501919
4.28169359015798793999
4.98058229527431862512
