6.68233492126816403257
2.55722505853513018479
2.56908544038535238435
1.90622663920112080674
1.43881896011972263695
2.70320180526722791695
3.03863456177277099041
2.60555176498184353382
2.20229425826795452779
3.61696004954436841233
1.36707717412002750474
3.35431065943510962691
3.77738004442232420707
3.60947364583812967891
.76269259862673375755
.81308056181414151428
1.45220521965733204012
.93091352981896229393
2.80331946092485149715
2.01556443707463741309
3.21484058702760563489
.26870057685088805927
1.46017122283655487743
7.84044641586179071056
5.32981237943700978829
2.98472779328366894208
1.96911147475200093101
2.98466078474589805436
3.99131557259007020751
4.56532583722126015788
5.06573785346221799535
4.76734727075760655667
4.53133534402387835456
4.74783108376867173482
2.65326214309856688159
2.14441134113770252649
3.38929196145743690931
3.94397008102242073790
5.09450684561322382761
3.31122333888851417657
1.90808804828288780935
4.67536094863273631291
4.40596187001204085545
1.95082034026714002785
3.28015243548222923133
2.53773521077357477721
2.63545062560466118097
2.46207229788241596225
1.90383822842173226490
4.41454414407648663621
2.06925107224812136860
2.16693331692509633626
2.77180446640811948887
1.69295599470275659023
1.93012952933216375886
1.34272111773070732470
.48249352327259274828
4.03239382997246438351
3.56126382061200290401
2.65341289662954642088
4.76396893356789219102
3.59573358301195612925
4.38644502986188121682
.68600291544569983700
2.72605942708518370259
4.42366364001604443867
1.45430395722489870422
6.26510973567103611350
5.27141347268453226576
1.95606748349846048965
1.66844238737811980823
2.30588377851096389554
.22715633383201094443
1.23162494291078726918
2.59873045928199333136
3.86760908055609984239
2.67134797433804943074
3.11348679136430575607
3.22775463751506365952
2.07509035947835293296
1.60816665803019308835
2.65958643401563469472
2.36569228768240270475
5.16923592032710381691
3.81083980245824555442
3.60102763110754261260
5.14760138316866955905
3.33277662017723594087
.78268767717397978719
4.49712130145496520161
2.05953878332018792794
2.10883854289511694707
3.31575029216616370940
3.25296787564832862429
2.81630964206707924270
1.51822264506889765993
1.30938917056771169860
1.80787167686204985249
3.56994397715146224673
3.86088072853850278066
3.06558314191606944907
1.79348822131621483364
2.38585414474565062419
1.86601178988772737067
1.59201130649251357633
3.79371849245565399002
7.24396300377079507348
1.43641915888086093154
3.24636720042573126044
5.14567779791933727328
3.89526635802996147304
3.60950135060232385002
2.79069883720906007762
3.35520491177513627578
2.48372703814247671848
1.85876302954411055286
3.71874978991596045239
3.05383365624259239874
2.99133749349684713906
2.87907971407531542143
5.95340238855060090251
2.75958330187729611142
2.42794151494635471583
5.80184453428390306088
5.99184445726021829949
5.05448315854351225080
4.23676763582804951543
2.96393319762777379638
3.94873397432645492718
1.96005101974412900740
1.99847441815000474126
3.40970673225718930010
2.22867673743860843485
2.69742469774412794450
5.91961147373710667585
4.91002036655653802187
1.71915677004745556160
3.23485702929820377556
.94164749243015562760
1.76332073089384394046
1.18617030817669685927
3.59457925215177304762
4.12927354385732115789
2.46564393211996447830
7.56140198640437314503
4.13445280539033363386
3.06882713752338940698
1.99531952328442874883
1.49124109385437739150
2.07992788336519014031
2.25732142150824413780
2.44824426885880813246
4.45745443050178584772
4.02314553552316821975
.92784697014108959151
.98600202839547951915
2.02531479034741658601
3.70172932559905033367
3.39058991917335824547
3.30062115366183763419
3.02056286145479846062
4.15410640210382670934
1.63813918822546944159
4.21711987024319715388
5.08311912116959934618
3.12353965878456552053
.88345911054219142055
.82280009722896848962
3.04949176093328706012
2.41904940007433498464
5.44310573110609344150
2.66071418983700690151
4.67540372588293170599
4.05470097541113381669
5.67592283245641034322
3.28910322124435614374
2.67675176286483465164
2.78460050994752207741
2.15902755887922838714
4.05174036680535590312
1.89689219514446840374
4.41117898072612782529
1.32022725316515110939
3.89606211449458284942
1.06212052046836944633
3.94454053091104642537
8.78436110368875944696
8.31308606956526103306
4.74971578097047823765
1.49274914168456315344
5.10237199741453582699
7.40678742775840705441
4.12768700363775160117
4.66599399913887587502
4.34975861399227531893
3.76400053134959055095
2.46767096672145494527
3.48524030735328206005
4.80256181636426206240
3.13754681239977676926
