1.78465682975747469050
4.93669930216536482132
4.43695841765504942398
1.80124956627336901629
2.41151404723256795711
2.68771278227417745039
2.26739939137329751555
3.67684647490210012439
5.49220356505474039407
.82613558209291530309
3.27000000000000000000
.83024092888751274811
3.25269119345811861224
5.97092957587007552540
3.01945359295353304159
2.44532206467777982138
2.49339126492413941800
3.28227055557581968203
1.14821600755258589976
5.15687890104082238569
4.94244878577411260159
3.78066131781200417010
4.13173087216483644000
3.39611542795588736744
4.82430305847383514062
4.08883846587267372327
1.81581937427707825412
2.19100433591538106750
2.30653419658152911591
1.25801430834470241330
1.73453163707094140739
1.83428460169080632229
4.87735584102698006128
3.36252881028549701852
1.75977271259671486019
2.06155281280883027491
3.77843883105178771663
3.63100537041739997479
3.56955179259245375639
1.49214610544678231251
5.80367986711879207180
2.30792114250032381820
5.88275445688497183939
5.90204201950477475588
3.71725705325849102759
5.61457033084456071808
5.41690871254076054879
4.12548179004586081326
1.61049681775531614988
2.23841461753625974662
3.97537419622354544456
2.99188903537547662172
1.93437328352104780614
2.28967246565966286024
.17691806012954132546
3.26681802370441197490
3.37363305651340806872
3.31237075219547245657
5.56155553779695703579
6.97953436842315434414
4.83509048519259875081
3.73060316838979806278
3.15523374728402649924
2.66056385001375225405
1.83551082808029220299
1.72339780665985530318
2.22434259951114545029
2.77093846918331984819
4.71306694202405743847
3.92872752936621961406
1.64140183989174326744
1.80047216029573753584
2.42835335155327014035
2.64565681825893662144
4.40297626611818110990
1.99962496483715665776
1.47820837502701221842
5.37521162374096672179
2.81939709867198380785
1.65559656921606357863
1.83961952588028375710
1.74025860147278111363
2.37693079411244112898
1.66727322296017217599
4.82275854672406339824
4.92361655696298104809
5.63733979816721709738
3.98026381035227362226
2.18572642386919045088
4.23874981568858343017
2.08628857064405162790
1.56703541759591381610
3.52411691066003086991
2.86850135087993291326
4.68745133308069663632
5.45146769228251044580
4.89974489131832250334
2.38951878000571487452
6.37363318680954528619
2.88487434735033130524
3.89720412603702348076
4.08921752906347597741
2.28737841206915302127
3.21454506890166341621
4.74153983427325009750
.68146900149603283330
1.56604597633658252696
3.55766777538319336532
3.44363180377926002218
5.29748997167526500264
4.55110975477410344556
3.04607944742089745777
4.62006493460860352873
4.31435974392493144122
1.98610170937945672973
2.08213832393527591973
2.45124458184000888165
1.70815690145841110903
8.21230783641236868119
2.30280264026251281350
1.55650248955791908171
4.67077081433032849681
1.53899317737279134437
4.51819654286973222193
6.01861279698237440950
2.03386331890813154514
3.10774838106304867559
2.64594028655221166916
4.32937639851283893885
2.37084373167022545539
2.33997863238107368833
2.12875550498407402239
4.49569794359007175503
2.27431308310883178632
2.45230503812229688939
4.27911205742499807230
4.34378866889262926536
5.01582495707336262302
3.33977544155291973726
1.68668313562447170155
1.56649289816455918715
2.03177262507397712010
1.73772840225393105013
.82945765413310883498
2.01231210302974622843
1.96799390242957815928
4.75446106304384408931
3.91352782026651753812
1.45602197785610365421
1.04470091413763011026
3.09602971561966762722
3.71756640828378478073
3.92298355846669334470
3.61498271088535083190
1.08346665846254816813
1.72377492730344584276
2.38884909527579828664
1.24486947106915590871
1.57565859246221229115
2.23150173649943638129
3.06081688442807698779
2.12718123346366517346
1.38065201988046213121
4.59705340408396822009
5.06392140539325511360
5.86707763712054521164
2.80144605516508206062
2.02032175655265366941
5.66658627393954004731
6.22978330281238594543
3.30451206685646708654
3.48035917686666357093
4.25118806923429347356
3.62571372284133872432
2.50880449616944046164
4.59130700345773000891
4.11520351866101514199
4.23324934299882694731
3.70657523868058018947
2.80151744595674435004
2.92412380038875918999
2.72679298810892500065
2.97100992930013614924
1.31240237732183341241
1.21338369858837315764
2.75981883463389676171
1.02362102362153543255
3.60484396333599992894
1.24879942344637555489
2.11049757166408509468
2.02494444368234458483
4.00091239594170569487
1.38582105626953150289
3.77720796356250419255
7.13104480423450992637
5.20997120913350153611
1.37963763358354355960
3.27452286600658814211
6.88542663892369127026
2.63336286903267472953
