3.82941248757560720419
2.80087486332395792737
3.00303180136341546535
.66000000000000000000
3.26957183741235451693
2.26035395458321969419
.98645831133403706549
1.03004854254544722403
2.59888437603522484987
3.91166205084232704858
3.06022874961987114522
1.90730175903027992777
6.17280325297996193958
4.30816666344281532369
4.55883757113587015765
2.47080958392183674158
3.68680078116515538963
2.64713052190480399817
2.08283460697195061753
1.24871934396805113319
6.38214697417726349245
2.57497572804094602013
3.36560544330436927108
4.60826431533608974693
4.64941931858162261841
3.23210457751601843184
3.11963138848165842081
3.53147278058319458428
5.26394338875334030695
7.60418963466850950153
5.53827590500870586592
1.60717142831746483235
2.50171940872672609163
2.34217847313137091773
3.79361305354143887809
1.91973956567030206114
3.11902228270334740806
4.28762171838887857828
3.49772783389445554499
2.63890128652058525612
4.66618688009813854690
4.06355755465577231437
7.51942152030327396780
3.44947822141262402259
5.07016765008811123829
4.44662793586330989307
3.07353216999594783808
2.88242953079515891917
3.43735363324753073041
1.23482792323465053719
2.51408034875578310344
3.67275101252453540181
1.37091210513292937368
.82121860670591238132
.63071388124885914865
.69188149274279623557
2.27571966639127148885
4.76222637009203920938
4.90005102014254541373
6.52082050051985405822
7.93139332021808132949
1.61102451874575763701
4.07443247581795126256
5.25732821878185573874
3.56160076370162521897
5.27527250480958566376
4.40130662417423492101
4.84732916150739653893
7.15640272762789671105
5.53492547375301160883
6.30844671848784025219
6.18376099150023747099
5.38599108799856816101
3.79225526566975709961
2.13976634238413984825
2.60163410186751664973
3.32075292667190161734
2.07615028357775680554
2.76150321383119161489
3.14860286476398925352
2.49899979991995997758
2.89972412480911707850
3.13391129421366998589
2.84901737446439592610
5.83378950597294005588
2.97719666800834640461
1.73602995365863431290
2.16346943588302166705
.29966648127543393971
3.27444651811569522846
2.52762734595113921433
2.78915757891159674076
3.35770755129150579214
1.87898908990978444158
2.04386888033454827099
1.33116490338349891457
2.92393570380745547610
2.94713420121989015608
3.43281225819298192507
1.61207940251093091124
2.76671285102014155515
1.46761711628067352681
2.09897594078636356341
2.83600070521853008935
3.59478789360373806186
3.67125319203129873152
3.37501111109282127649
2.48044350872984003138
3.67438430216546619733
2.48364651269056402329
3.21504276798925335851
2.78513913476508386805
1.99153207355543234796
2.39595492445079191644
1.47560157224096234018
5.00612624690987991867
4.66349654229527653887
4.68028845264904586094
4.64138987804299844728
.61163714733492111531
2.88579278535379251509
1.96639263627587865313
5.01359152703927406818
3.75246585594059736275
4.04856764794661668748
4.55210940114580286654
4.20085705541143115911
4.65289157406445481422
.81271151093115446287
2.16173541396721351857
1.22849501423489708845
2.05199902534089913246
4.01395067234264850774
1.35720300618588374831
1.75274071100091698646
4.13081105837582457685
3.73870298365623048058
2.71624741141155990978
1.15321290315361976528
1.86249832214689525072
1.95841772867792432063
1.84805302954217198512
3.51914762407035149941
3.27100901863629841016
1.44100659262891646216
1.62043204115445705414
1.14459599859513749743
.78721026416072599376
1.17418056533056277630
3.86120447529006161023
3.32777703580032537010
3.58353177745084325630
2.65642617062850064069
5.24759945117765252630
4.49119137868784211086
1.75712833908055788319
1.02000000000000000000
1.14249726476696652089
1.74358825414717680128
3.37290675827245482425
4.32144651708198281619
3.38998525070537733158
.63063460101710245438
1.68609015180090533615
3.83680856963179751496
1.50156584937191482464
5.94889905780893209467
4.98924844039660947409
2.38105018846726538293
3.98096721915667122716
4.21613567144132590234
7.04248535674728968051
1.81320158835138901937
1.50950322954275258483
3.93101767993989057815
2.66767689197923667886
3.98444475429136801076
3.09383257465558404124
4.63966593625015205145
.92579695398073113340
3.34605738145657029914
4.01064832664246442279
1.64176734039875455186
1.78061787029109645516
3.09946769623430661752
2.54845050962344567951
.37815340802378074032
3.24421022746677130316
3.81968585095685584968
3.63035810905756238178
1.99223492590607897915
6.37619008499589823826
3.56485623833556575583
4.74621954822993834080
2.18359794834122336880
3.99494680815652412861
1.94368207276807489723
6.07886502564417858781
1.73219513912261051581
2.13190056053278432454
