2.33942300578582837873
2.56910490249035957889
3.89976922394133471114
1.46427456441747973156
1.97121789764602127305
1.59251373620449503487
1.38130373198656058651
1.29174300849665913723
1.69236520881280232018
1.43296894593009237340
1.87920195827909885668
3.77173700037529127824
1.20548745327357098959
1.57076414524905679742
2.18584079932642853028
1.83719895493112013690
1.82849665025670747056
1.48532824655023645046
1.69861708457203502837
.68622153857191046346
4.46843373006694595199
6.81540901193758143183
6.96293041757563451238
3.44959417903033921501
4.15847327753828424189
10.87934281103412973981
6.52049844720478405237
8.68940734457764961787
2.41557446583623250552
3.87063302316300711840
3.70730360235036590940
2.61296766149143147025
10.32868336236521484353
7.04875875597966538890
4.36986269807187420285
1.83850482729853064696
3.52241394500987064213
3.24077151308141438371
2.08743862185214921351
2.23790080209110251795
1.57175061635108004178
2.98283422268150866138
1.97268852077564439808
1.63676510226727402571
1.97124326251226537958
1.92117151759024368479
1.60651797375566265402
2.40443340519133530025
1.90682982984848440827
1.39477596767366191955
2.87810701677335132409
1.53844076909057503044
2.71920944393770447937
.80224684480526316370
.75226325179421066812
1.43425939076584051487
1.43920116731470170107
1.34380058044339302182
1.42481577756564725654
1.82562318127263053221
3.38811156841093413247
6.72888549464173896043
3.49492489189682014831
3.63962910198278308029
5.98280034766329136275
8.96262238410165309135
6.99117300601265338190
4.35139058233112417991
7.59984868270414973530
2.79495974926294779369
1.52803795764372293291
1.81033146136280800150
2.42579883749662968627
1.46867287031523803524
4.91069241553571546841
2.11693174193217670690
.66850579653433073279
1.24494979818464969298
1.33723595524499714223
1.58309822815894781734
1.98602618311038386974
1.30169120762183839834
.87578536183245264378
2.70928034725090788268
6.00296593360315513959
4.98331215157148268321
2.89318163964864121007
1.47044211038721276142
2.70865280167097089689
2.07330653787615303511
1.30069212344812790443
2.53598107248457199521
2.16843261366361117548
1.99494360822555583334
1.92366837058782042032
2.09947612513217210912
2.56329865602898485193
3.14340579626620908857
4.21810383940462044192
4.08590259306312881171
3.50258475985949553437
3.72584218667404108290
3.37327733813868319474
4.12179572516639887884
4.39374555476304294377
4.92184924596436618652
9.06845631847008457541
2.32572569319771672853
2.47374210458568214911
1.44917217748616744550
2.81145869612199709441
2.97761649646155742142
1.77011299074381124660
.73545904032787577122
1.54249797406674087339
1.48996644257513397193
2.79474506887479810434
2.38367363537880327833
1.40968081493648767043
1.81705806181310562985
1.54275727189989287698
1.45536936892322974298
2.81200995730811735687
1.93865933056842145125
2.59235414247359344080
3.13764242704614127927
2.24670870385993742426
2.31920244911909318206
1.48828760661372168801
2.66535175914924970340
2.07443968338440729897
3.63161121267131236948
3.81022309058144258157
3.85430927664088731207
4.52499723756821756581
5.53055150956936662721
4.40024999289813078229
3.72731807067762866016
2.83425475213502993960
2.61612308578935176981
3.04534070343533155226
2.71613696267327432429
3.10565613035313360656
3.58170350531698812753
3.54977464073425371018
4.03262941515830338515
2.43232399157678005254
2.31695921414253643309
1.96346632260398090078
1.92307046152760611737
2.88170088662928373677
3.04032892957324602700
2.69157946195166231432
2.69937029693963995799
3.11804425882635604387
2.35571645152806962350
2.66574567429077900023
2.27666422645062001246
2.35900402712670246937
1.54431214461325790611
2.73570831778535922190
4.08082099582914810311
3.42493795564240842205
1.25610509114484525283
1.09453186340097015925
1.78073018731081211487
2.81113855937411950259
2.73038458829520937508
2.05175534603909342415
2.77057755711692719977
6.31586098643724108368
4.81963691578525446085
4.71869685400535133804
4.86195433956346406163
1.92784854176877702147
3.60211049247521001137
2.46442691106877827812
2.12200377002492622809
3.86766079174479829408
3.55879192985484893183
2.55861290546264539863
5.33984082159758765968
2.07848502520465612326
5.11398083688235969126
2.27481867409250885110
3.40697813318489028426
4.96461478868199803456
4.51934729800664910130
7.57881916923738192973
5.53408529027155489502
2.84357169770695249125
3.73375146467999393538
3.34234947305035713256
1.69649638962185828755
2.00064989440931418554
1.71889499388415230790
5.14930092342640235407
4.98759461063146149518
1.91825441482614604720
4.90634283351663064356
