5.69260924357187896382
2.82989399094736409173
2.55070578467999715319
2.49371209244371271705
2.74739876974566617061
1.26637277292272830987
2.38382046303827168065
1.90165717204758018917
1.80759508740204314597
3.07527234566306338383
2.31190397724472977299
3.59881925080990973627
2.30243349523933046868
1.48057421293226635745
2.34185823652927377618
3.33601558749355965895
2.87982638365579253889
1.29127843627933321110
.46238512086787567822
1.08577161502776448295
3.50754900179598346263
2.99335931688796759460
3.99363243175933756338
5.03113307317546511345
6.07523662090621783873
2.89561737803874909677
4.86199547511101659601
2.69653481342258958049
4.39169671083967272631
3.92441078379926991047
5.00669551700520330333
5.02412181380985228197
4.33721108547877803194
5.25868804931420133387
6.03795495180280390273
3.97964822566015249055
6.26271506616738871415
2.19554093562383846525
3.24599753542728371554
2.08326666559996586530
1.51281195130128450476
2.16353876785233501856
1.79237272909403528449
4.54244427593779074198
6.15767813384233326963
1.49479095528438356951
3.76514275957764979936
6.81493947148468810228
3.19090896140895878113
4.22977540774921050653
2.54829354667000638307
5.96098985068755170750
3.77943117413189573749
2.24165117714598941121
2.66302459620635122664
1.85075660204144618363
1.21959009507293064109
3.29790842807983375334
1.59978123504434192997
5.86724807725052648467
3.19828078817354621585
8.65823885094422652125
5.94309683582557823360
1.27604858841660100791
6.35204691418443476848
4.18751716414392742247
5.77889262748495786585
5.73729901608762239349
6.71099098494402687869
3.49395191724213629024
2.55980468004885091467
3.47485251485584636747
5.33489456315680150856
3.80499671484746488473
4.38369706982587928914
2.58878349809326465429
2.92771241757109743621
1.35284884595434385875
3.62139475892921676382
2.97368458313924074458
1.54382641511278721869
.93241621607520318801
1.19783137377512365774
.63000000000000000000
2.21180921419547395826
1.46403551869481636562
3.66393231378528607228
3.65371044282384260204
3.68705844813992608342
3.78359617295503670140
3.31667001674872684341
2.86031466800420404374
2.32701525564401919328
1.70719067476365978420
1.17273185340895384071
2.55921863075431677742
2.26797266297457827184
1.02498780480550108835
1.27051170793503512680
2.27457688373024665275
2.14177496483640876458
1.91653332869532952455
2.56275242659137872486
2.09613930834761075523
3.75687370029922618903
4.10621480198004254381
4.46082951927105145227
5.32162569145933073863
3.31920171125528314132
2.25366368387122039101
2.99202272718640959189
2.54528976739388161946
1.36535709614737784904
2.48058460851469446506
1.18566437072217026285
1.12822870021995097268
1.59015722493091858416
2.79581830597054357294
3.99512202567080546489
.30561413579872250405
3.03059400118194650926
4.51640343636393935467
4.93268689458392442977
2.09714091085935377114
2.56224510927428642833
4.10251142594386932439
4.24910578828063540600
2.99863302189514347381
1.95964282459840114609
4.88772953425207438615
4.02760474724121855457
2.64650713205160284147
1.64626850786862833677
4.04406973233647394286
1.97131935515278700872
4.61869029054774357902
5.70322715661931179228
2.74508651958367243008
1.59040875249100663392
.97928545378760732412
2.91931498814362270933
3.57633891011464404250
3.07723902224055387075
1.35151766544133636048
4.86890131343817647519
4.46737059129864443351
5.57825241451119707217
3.80044734209013873556
1.74716913892158706478
2.84297379516589987157
2.47089052772477154113
1.61437294328169412615
2.37632068542947292166
1.24402572320671890518
1.92751134886412536525
2.64221497989849417930
3.08027596166317539893
3.50626581992866022918
2.60865865915799723665
2.05569939436679311388
2.49329099785805186707
4.82539117585300021031
3.77757858952001156113
2.63632319718201470746
3.09948382799459045669
4.01539537281199745121
3.92935109146535797312
3.63841998675249144195
3.02248242343938205406
3.32879858207131541069
3.39719001529205016000
1.32053019654985550050
3.43845895714926340023
3.25310620791882538868
3.52661310608351252976
7.08055082603041555202
6.64484010341859166696
4.08252372926355444594
2.54263642701822393284
3.39424512962749936977
2.32585468161706095872
3.40555428674980895539
4.26629816116970427573
1.92418814048938572081
2.47074887432940055968
2.88503032913000760363
2.82973496992209501867
3.68331372543800564053
4.80292619139624089226
3.18676952414196405123
3.19681091089229110820
4.42453387375438679667
3.24829185880825678000
4.70168055061166400380
3.19177066845348398693
4.95672270759621977060
2.82646422231027010748
2.01258540191466160798
4.60770007704494585846
3.55271726992171444309
