1.82961744635319872104
.62433965115151864748
.50418250663822123530
.45497252664309303325
.76249590162833006534
.93091352981896229393
.89470665583754321370
.78319856996805095034
.69548544197560310974
.87458561616344914594
.62521996129362344600
1.23507084817025780207
.85732140997411233436
.96881370758262911770
.86827415025439977680
.88836929258051237528
1.27694948999559101589
1.03985575922817295323
.78701969479803998104
.93669632218771949227
.87321245982864903231
.71449282711585005806
2.03727759522358660822
7.21673749002968792342
4.86549072550755151472
22.77255585128731219026
13.56277626446738964268
3.68632608432840623546
10.83411279247174904544
9.49976841822999388425
10.64995774639505318633
8.12229647328881981139
4.97575119956775973845
4.21627797945059594952
6.46319580393476861590
8.87331955921795932701
7.67740841690736158533
3.47200230414670087960
2.54055112131206680822
1.07652217812732497369
.87783825389418978088
1.08885260710529595535
.97780366127357080989
.58881236400062116902
.80062475604992380225
.79630396206473819101
.32817678162843879044
1.09731490466501911996
1.61049681775531614988
1.63649014662478185053
1.78921770614981339670
1.29865314845804766947
1.27632284317095884217
1.21082616423663392854
1.05640901169954054874
1.23773987574126414261
1.74103417542562903017
2.21038458192234049974
5.06917152994451352684
6.98532032193227342194
1.74694018214705909259
2.46174734690625796559
1.07452315005308284888
8.42556229577587302286
3.43512736299543921291
3.51712951140557233816
5.82846463487598078434
9.21039629983422591707
3.36130926872253157746
2.04088216220339384885
1.54877370845453080993
1.73654830050879955361
2.10791366047094063610
1.94097913435461742472
1.72942186871798287665
1.75182761709022043833
1.02112682855754994603
.85146931829632005830
.49040799340956913077
.70774289116881986524
.56293871780150279515
.10049875621120890270
.56471231613981999285
.98086696345630889027
.70689461732283688397
1.22016392341357150945
.83366660002665334079
2.33291662945764094872
2.62322320819254723213
1.88448932074448222382
2.19312562339689059591
2.73863104488355641659
1.99927486854609363891
.54350712966804768494
.39408120990476062026
.24779023386727734391
.56471231613981999285
.76576758876306589213
1.84046189854612312210
1.85865542799089040833
1.42204078703812149130
.98453034488531637132
.72090221250874240883
.86330759292386627311
1.15047816146157246386
1.63465592709903327839
1.32627297341082842409
1.34499070628759364673
1.01395266161690211325
.71126647608333123238
.68300805266116738515
.88124911347473138890
.63442887702247601900
.33166247903553998491
.39862262855989497877
.89375611886017317492
1.78600111982047760417
2.48927700346907957370
2.70146256683301092155
3.40060288772446936531
2.65365785285141837178
2.54705712539000585329
1.77386583483644557170
1.41148857593676612795
1.59953118131532528120
1.34762754498414731683
2.49226804336933229474
2.27459886573435185119
1.39645980966155986253
1.23822453537312851940
1.39373598647663539476
.93107464792034800629
1.08921990433520815273
1.43359687499659401287
1.81383571472170543982
2.66062022844298468285
1.70616529093754571080
1.65786006647123266788
.75478473752454745830
1.06784830383346116920
1.22979673117145664333
1.37422705547518602185
.74357245780085211545
1.10372097923342926733
.99050492174446059135
.77259303646874788538
.48723710860319331798
.52933921071464184515
.48104053883222773556
1.16279834881203714237
1.94422220952235806928
1.63110392066232248389
1.43436397054583046299
1.31106826671992942413
.85702975444263310594
.81663945532897196651
.44124822945820417195
.70085661871740927434
.38716921365211878116
.92184597411932108518
.94889409314211667717
.43485629810317798822
.93877579858025739371
1.47543214008642227354
1.26593838712632456455
1.13538539712293287888
1.19783137377512365774
1.23810338825156277818
.53169540152233778746
1.99464282516945875384
2.97215410098467135318
2.51916652883448735297
3.04573472252591295830
.86104587566517035143
.54415071441651163194
.54415071441651163194
2.45252930665466258766
2.76277034876227090291
2.18176534026920502823
1.21659360511224125043
1.34394940380953329994
2.60994252810286993108
1.05313816757346706658
1.58946531890444215505
7.53967505931124328848
7.66992177274318750271
2.50882442590150178089
2.28098662863244334275
2.23653750248011714398
4.41736346704683109213
3.49213401804684466207
4.79427783925796273828
4.23873801974125312891
1.26261633127407313763
4.47265022106580563311
5.53434729665567699273
5.05114838427856918169
8.03838914211050123380
4.73194463196686188782
8.73907889883138656630
