6.32285536763256984750
4.28642041801781268064
3.13462916467004115698
.88741196746494240638
.41964270516714573290
.86590992603157056083
1.66117428345131806040
2.57926346075774120403
2.61298679675194685052
6.04809060778689062126
6.89434550918359472379
2.11314930849668074276
5.50307186941984249423
2.66979399954378502607
3.31906613371894112971
3.14294447930598990401
2.44705945984154622870
5.51466227433738683703
5.73315794305372333686
4.65356852318733993733
7.65073852644305182439
5.00264929812194610528
4.42689507442857741830
4.63406948588387051604
3.94462926014600261825
3.10967843996770830105
3.37575176812513867044
5.59816934363368468475
6.88071943912844044105
6.99300364650269576848
2.43616501904119787400
4.49072377240016845817
2.00706253016691037024
6.44848819491824765796
1.97263782788427739305
2.17549994254194362182
4.63414501283678001392
5.36475535322907339004
1.63236025435563702345
2.08235443668939318251
2.06218330901983589883
1.93840140321864191535
3.13883736437554215629
2.07369235905425470128
1.08834737101717666619
4.14295788054863043885
4.66796529550081381065
5.09913718191617198228
3.29887859734183003777
1.96659604392971359399
3.58554040557347505677
3.66185745216822988225
1.86126301204316634859
1.19703801109237963914
1.77732945736011476258
1.55193427695891812852
1.26885775404495203801
2.74730777307530653737
2.47228639117720340211
2.43924168544242454285
4.50924605671502472734
3.80260437069122403858
5.98320984087972632422
6.45914855069923283460
3.00043330204155679711
2.28002192971909811848
3.46711695793493531232
3.02380554930372465575
4.06960686061933997226
2.14562345251910406125
1.86453747615863167986
.69072425757316500951
1.30587135660447043898
2.01019899512461203498
1.36091880727690731697
2.46716436420437947278
1.61161409772935406647
1.89615400218442172820
.40570925550201587679
.98559626622669386003
3.43378799578541249230
1.61774534460773522573
1.89765644941332834498
1.82441771532727668808
3.51196526178719484212
2.79867825946463520957
2.57157539263386170705
3.70128356114470105590
2.85219213939033216738
3.06882713752338940698
2.33214493546177356785
2.03953426056048394099
1.65084826680104068248
3.31066458584979580833
2.47428777631058913979
2.64866003858554863801
4.49041200782289018678
2.58335053757712098841
3.97560058355967142797
3.76810297099216756529
1.39330542236797456597
2.72251721757641047980
2.90410054922345965248
3.36348034036175094751
1.74837067008114729469
1.57117790208492940094
7.22187648745116659378
2.75178124130534765879
1.93582023958837665625
2.83158965953755382758
2.77987409786846281913
1.14407167607628500366
1.84686220384737962182
3.91714181515042929649
5.24557909100606355541
3.51269127593074993818
2.07716152477365129920
3.86472508724747457941
3.83339275316266021659
2.74783551181652792904
1.49053681604984182289
2.92222517955067932167
1.89169236399579516830
2.96639511865833544086
4.06861155678445174422
2.48857388879655329393
5.18371488413473605080
4.44748243391696826609
3.10552733042232297788
5.60940282026527312224
2.71803237655477533128
2.56409828204770653249
1.97463920755159725963
4.19435334706078381443
3.52462763990751227269
1.58836393814515947666
3.31012084371552815972
3.82440845098951218181
2.63108342703153371521
2.69286093216861089356
1.54444164668011979895
1.23519229272206843704
.63882705014737752571
1.84556224495409528303
2.33858931837122697484
2.14352513397907233403
2.69675731203236009692
3.90914312861527238298
4.18049040185478717958
3.28227055557581968203
4.71530486819251168554
3.50784834335807624863
1.78765209143166333275
1.59025155242810563338
1.20170711906021427214
1.19243448457347123134
1.31518059596391551993
2.03334699448962719339
2.11248668634857909724
2.73706046699739536463
2.03403539792207156170
4.10884411970081921724
5.86748668511484566112
4.91037676762180846810
3.86793226414320756264
1.78204938203182237179
3.99120282621667825457
1.54848312874244774575
3.95804244545204441646
4.61573396113770837852
5.41188506899398224831
5.08648208489914962759
5.26438980319656800392
3.57503846133157006627
4.28506709399047799786
3.35341616862565985928
3.40890011587315359403
5.40981515395858973890
5.43349795251640819093
3.90888730970848019917
4.12583324917524993276
2.82945224380974488289
3.12661158444729107992
.70099928673287535663
3.42913983383588485589
1.62941707368003235858
3.61199390918644822678
3.35228280429918382505
3.42511313681752708318
4.14601013023364427958
5.54747690396273754508
4.47889495299900955379
6.18548300458420142606
3.92196379381554209676
4.56145810021313250690
2.72739802742467348877
3.95936863653790135439
3.10514089857449141808
4.89366937992341284813
2.18748714281935837850
