5.60304381564163747527
.86492774264674849773
1.10864782505536896940
3.47972700078612488844
3.47129658773202495135
1.37003649586425251549
1.83717173938638627209
3.00833841181473464893
3.17115121052276534295
3.02299520343648577215
1.18806565475145354022
1.54032464110654283851
2.93226874621000590168
1.90614794808797567270
3.11419331448771818212
3.07162823271306711695
4.28059575292972508457
5.06126466409335286402
1.55592416267631758891
4.24086076168506150118
3.80595585891376307223
4.97953813119249042667
2.33465200833014940355
4.20129741865533723606
2.54701786409125917618
4.22703205571001081803
3.08496353300975018186
2.55049014897136977748
4.06450488989741529133
4.51039909542381847972
6.91862703142755051054
5.29438381683836745236
4.43736408242551131775
3.13753087634209585637
3.26883771392830084620
4.33473182561505181749
6.39731975127083983088
3.79938152861751961221
2.24421478472983953381
2.09783221445376798751
1.84195548263252008486
3.77466554809826826861
2.11643568293487246240
3.00941854849072132185
4.59254831221185957378
3.51333175205530512394
3.49156125536986677108
3.43863344949705274630
2.64440919677723099541
2.95128785447980319505
1.33060136780329517290
4.29903477538854063175
2.64474951554962951277
1.85838639685077333488
2.37002109695251447143
.97989795387070790637
1.95450761062729044570
3.59311842276315741249
3.03319963075297765670
5.74486727435891246282
3.57633891011464404250
2.15858750112197212268
2.34701938637072190673
3.68697708156695761145
2.70188822862826803500
4.41629935579552849677
3.85996113970076128796
2.05548047910944656579
2.53104721409933402293
2.58627144747027665901
2.44272388943163201709
.60572270883631232734
2.20567450001127772932
3.58859303906140909183
3.48450857367290746633
5.79974999461183671459
5.05017821467718107299
5.47417573704023499172
3.92624502546644431912
2.45662369930764935621
.60745370193949760799
3.63012396482544380890
1.96562967010573993319
2.04865809738960590671
3.71852121144951921598
3.49529684004091417883
3.60056939941448705302
4.14715565176905314572
2.33882449106383354547
1.19787311515034846782
.50338851794612876330
2.08309865344875109205
1.14078920050989262509
3.80415562247392818197
2.13773244350175871114
4.39466722289640492865
4.68547756370682026980
1.68540796248267440063
5.47992700681313819997
2.37069610030471851704
.96265258530790847297
2.36249867724830694771
1.50406116896886876580
1.75607516923393686484
4.69257924813209734247
3.59669292545249128055
4.83595905689864169263
4.40692636652803628393
5.17031913908609707206
3.75878969882593990275
5.56695608030097539407
2.87518695044339681977
2.22840750312863558173
2.25692268365577822688
2.84186558443568896392
2.19877238476382543456
2.80374749219682762786
4.61247222213857890676
1.66736318779083041143
1.76821944339496504700
4.10550849469344052896
3.18466638755144963457
1.38115893364956373510
2.47790233867277343913
3.62796085976681947995
5.44078119390956577732
3.58910852441104098749
4.35340096935717604018
4.14096607085834500682
1.63740648587942267256
1.78319937191554663243
2.38465930480645389823
1.96941615713896284668
2.41513974750944795095
2.87656044608834875774
2.29479846609675072791
2.49329099785805186707
4.19864263780569922416
3.29537554764248379739
3.53697610961680090339
3.55565746381734583418
3.16385840391127491431
2.40018749267635339871
2.57515048103989449170
1.83899429036634042508
1.20287156421623002801
1.13428391507593900112
2.29010916770358351403
1.43405020832605439149
2.23662692463450417079
3.66031419416421136277
3.24839960595983326135
2.51529322346322079856
1.73982757766394770984
3.54964786985976962554
2.94586150387284839850
3.35519000952256055682
4.51341334247152683714
3.49002865317750650698
.84083292038311630320
2.52459897805572281349
3.19407263536695420592
2.50858525866672508436
2.05265681495957818574
2.79261526172152829907
4.07561038373395059245
7.14010504124414124854
6.39948435422729977315
4.70341365393264129389
3.91500957853234376987
5.83546056451416694860
4.26920367281768368901
4.36837498390419775556
5.86544968438055906915
3.19208395879557027668
2.90139621561757745393
1.47461859475594569758
9.34908551677649379281
2.89394194827747019891
2.56487816474779168018
3.72205588351384106404
3.86185188737217108721
4.43001128666733760049
1.89222091733497122336
5.91759241583940115148
6.74169859901790625874
2.19872690436989013526
6.24683119669484906115
4.11837346533798461923
5.29530924498277059784
3.63498280601160478171
3.55631832096059702539
3.54713969276655356253
4.72322982714159273632
1.65366260162101990979
3.62492758548360521590
1.53782313677483731633
3.93666102172894739067
4.73681327476606364908
.99889939433358352597
