6.18757626215628957721
3.94398275858300374492
3.31019636879747664313
4.01499688667376179324
4.01767345611860297687
1.49803204238093652333
1.73974136008775741239
1.75547714311522723397
2.28203856233850702210
4.11942957216166034552
3.37169097041825587293
1.84426136976297369931
1.98859246704798718545
1.43854092746782842445
1.01557865278864541521
2.07588535328904905301
2.34027776129244966168
2.55243021452105522594
2.58661941537598453092
3.99146589613390032782
5.20140365670652406057
5.42301576615816229548
4.91513987593435635686
3.04921301322160830109
2.61751790824819381979
6.06770137696310825952
6.65105254828136206028
1.20954536913668517422
6.28367726733319746805
3.21194645036308162918
2.61113002357216979705
5.93143321634830513919
4.32214067332381026933
3.30860998003693387880
2.58000000000000000000
7.93172742849878824553
3.95499683944247925109
2.63721443951757552180
.67290415365042888104
1.39348484024764331126
1.08355895086515712839
1.22670289801565236214
1.35059246258817837369
1.40534693225551960145
2.34601790274498971053
2.81705520002714891777
2.69492114912477541304
1.90339170955428930070
1.49676317431983874955
.38223029707232784976
1.03836409799260683028
.96441692229035467085
.87880600817245213005
1.12298708808249438393
.79956238030562693551
1.02068604379603427592
1.40488433687617145417
1.42930052823050478294
2.64100359711985246663
6.52950993566898556411
9.91121586890326993245
7.78903074843076993228
2.26437629381690886840
4.30726131085635434773
7.06639229027089890730
7.12125691152903147385
3.27748379095915591074
6.31810889428157925287
7.92455676993988099728
4.81619144137771998511
4.43289972816891043198
4.16425263402690303203
1.02049007834471374638
.92509458975825817981
2.92499572649260463838
2.96060804565548662902
2.64782929963394732429
1.50366219610655903461
2.16124963851934513169
1.94476219625948097561
.89453898741195176596
1.45910931735768173731
1.18410303605725122724
.61359595826569783558
2.29416651531661929624
2.29235686576065202317
2.81753438310874921610
2.36949361678819468390
3.28007621862663429176
2.07692079771954712832
1.39459671590033511020
2.86572852866422083919
.81749617736109323045
.77323993688893229591
2.32701525564401919328
3.59381412986258931816
2.74683454179533718779
1.76090885624441107812
2.04110264318088618754
1.35723984615837152336
.79555012412795210373
1.56553505230639917473
1.76652200665601672543
1.77304822269446467528
2.59403161121833671458
3.88267948715832066941
3.22076077969165539824
1.69073948318479863907
1.66601320522977848334
1.62680668796264788407
1.13798066767410420714
.91635146095807584520
.61278054799414121089
1.18718153624456272538
.65023072828035434209
2.42152844294672698358
1.51241528688386378660
.68366658540548842593
1.51466167839554189996
2.26918487567672634530
2.07263117799573786108
1.66544288404015825018
2.52194369485125500095
2.02980294610092632016
1.42653426176871055198
2.25568171513624678758
2.49455406836572696484
1.47271857460955519789
1.07823930553472219449
2.82065595207923222534
4.23856107659191340335
4.09941459235340089064
4.17206184038539869771
4.46184939234842394517
2.67179714798859683190
3.65924855673948445707
3.77948409177760662260
2.89706748281775445424
2.37244599517038532735
1.35029626378806217890
1.53407952857731596808
.34365680554879165669
.31843366656181315276
.53795910625251060992
1.65855358671343507483
2.49160590784337321132
2.86291809173786877307
1.43544418212621559254
1.24322162143360425068
1.13780490419052070457
.92173748974423298109
1.10358506695224904171
1.22645831563897841264
1.51052970841357502908
.58906705900092563230
1.27863208156216696735
1.46809400243989826061
2.00952730760246201736
1.77870739583552640042
1.25295650363450366664
2.99086943880872205484
2.92772949570140444694
1.73049125972944457400
3.78905001286602180420
4.32445372272614336043
2.40403826924614492502
2.40387187678544964502
2.29899978251412629401
1.88515251372402227715
1.60084352764409801326
7.79632605783005973940
6.94076364674666039733
4.69575340068023589138
1.71309661140287123037
2.54574154226229336597
2.94446939192785632868
1.71714879960939902233
5.66693920913221019881
8.46033687272557723180
10.64083643328850347195
5.45714210919964956706
9.33383093911604979204
3.84256424799898433656
1.11269942032877863812
2.12760428651570449875
3.74418215368857288185
9.56654587612477819345
6.32930485914527583675
7.65815904770852875501
3.37997041407169716663
1.61901204442709443359
.89894382471876405898
6.69562543755249200394
2.73287394513541366888
1.30973279717658441173
3.71292337653229789890
7.87391897342104987958
3.13322517543824162347
3.15996835427192213519
3.05735179526334522209
