8.15775091554038563242
3.81740749724207462687
2.35597113734442850453
3.15109504775720784667
1.97309401701996957831
1.64936351360153471778
2.96548478330272333906
4.14512967227805793766
3.98200954293180970021
2.96770955452180326736
3.32361249245455809650
7.57040289548713516817
2.53519230039853189831
3.63649556578857937152
3.02281325920077305724
1.92777073325642123671
1.47139389695621613992
1.90646269305224013869
2.21185442558953232752
2.51366266630986107741
5.29896216253711326687
2.03516584090830298114
1.27349911660746745882
8.00001249999023439025
3.96964733950007201392
2.10928897972752894198
8.29856011606832911542
2.04279220676014916110
4.98535856283176486226
3.72262004507577968852
3.07421534704385990579
3.55363194492620465018
4.93982793222597987285
3.67403048435910504218
.77980766859527612624
3.10879397837811053619
3.88028349479777057178
5.48063864891674827885
3.87676411456771509359
2.29235686576065202317
.46626172907499067009
1.96720614069802049304
3.56037919328826546831
3.64013736004563432188
.71819217483901897495
1.77541544433971847771
2.73162955028678806390
2.03049255108212598436
2.45947148794207411116
3.82473528495764004553
2.14862746887402516982
4.62642410507294499592
2.56033200972061433937
1.95961730957858197829
1.53407952857731596808
1.06484740690861430110
.88887569434651547344
1.68597153000873653542
.36055512754639892931
5.30408333267870141972
2.89884459742153132205
4.60545328930823051508
5.24934281601040036322
3.57464683570279429079
2.82598655340042267512
5.82928812120313709923
3.02446689517342874155
10.16552999110228389079
4.01105971035086935914
1.92117151759024368479
4.72847755625423266109
.92363412669736277994
3.99031327090994197796
6.06650640813969634431
7.33570719153920428615
3.93859111866159572286
1.90926687500726309542
2.10042852770571557955
1.93033675818495462851
1.64987878342622492188
2.95438656915441585210
1.78893823258378599615
1.22812865775536725727
2.33769116865337881611
2.74505009061765574186
2.10119013894506938788
2.17416650696307066443
1.60592652384846050901
2.47305479114394066835
1.99614628722446091170
1.38235306633291047943
2.16762542889679166081
1.84176545738049935878
2.01231210302974622843
1.97296730839616295959
4.37280230515855815999
3.15966770404737339683
2.54631105719627271150
2.91401784483211427021
2.46649548955598132875
2.30132570489272552252
1.91765481773962646595
2.86171277384715882670
3.33205642209131866915
3.35383362735839954187
7.17022314854984133219
7.29571106884037726144
4.35967888725763838222
2.23447980523431896153
2.46140203948887634783
4.55061534300582254783
2.35316807729494749747
1.49365323954390431335
1.43310850949954239674
.92092344958742363430
1.41368313281300771131
1.56400127877185573610
2.01052232019443146494
2.42383992870816450703
1.67149633562266597031
2.93180831569869178580
2.30082593865768124949
4.94180129102739216968
3.29044069996710319076
4.71254708199292158541
3.66672878735256338565
2.49529557367458975741
6.14590107307301196849
4.39120712333180658407
7.18513047898227106370
5.84166072277396130533
2.78521094353731132254
2.98067106538108293825
2.90668195714632666448
2.61698299574147023153
3.92054843102339446154
3.19371257316622029169
2.12812123714792151406
.75855125074051522520
1.07112090820784560017
1.43815854480651749872
.31400636936215163340
1.57632483961904248107
1.37426343908291469907
2.17039166972231074309
2.80353348472958317901
2.87398677797932814358
1.75647374019653365269
.67505555326950684970
1.67931533667742104617
4.63379973671715769801
2.13789616211826340422
1.81747077005381299749
2.10230825522804814010
2.55720550601628417501
2.00287293655888215958
1.61969132861789440401
1.86858235033942242360
1.54870913989683679402
3.14707800983706153823
3.38178946713127013370
1.64611664228267858187
3.13998407639274502101
3.15874975267114188024
2.94416371827383267888
2.27539007644843173162
2.22793626479753679689
2.89484023738789426133
1.86959888746222781870
3.51518136089732929159
5.88871802687138348940
2.73164785431797559142
3.12297934671364741640
6.37141271618783144732
4.73726714467318171739
5.25773715584946296390
7.01969372551253121978
3.58806354458780453745
5.01961153875476702709
4.51960175236712642816
2.73424578266109793409
4.56637711977449361431
2.75601161100602041712
2.33379519238514158012
2.82256975113105043705
4.67966879169883132873
5.72821961869480000823
4.40328286622606156639
1.93860774784379730643
4.68960552712059140843
1.41170110150838941675
4.86196462348298046519
3.32314609970732403247
2.15343910988910944874
2.75949270700250266126
2.40285247154293681992
4.53255998305593303926
3.51217881093773470194
4.17317624837485146923
2.35240302669419297786
