4.47901774946248678069
3.02142350556819492020
1.64124952399079159641
.72013887549555328807
.83258633185994592088
.77627314780301398752
.53935146240647201938
.63945289114992669645
.27367864366808017342
.25514701644346147439
.94413982015377362220
1.26530628703093070500
1.72505072389190921437
1.10643571887389824992
.20049937655763421350
.11916375287812984954
.91071400560219781875
1.19519872824564200169
.77685262437607816837
.89738509013689323720
1.28506809158114263715
1.51291110115564952847
1.58331929818340810874
3.59559452663950972368
4.83439758398086244947
2.71681799169543192275
2.59275914808915484809
3.02829985305286438043
7.46783101040723872110
4.92447966794462458363
4.19702275428666219186
4.07216158814946831426
7.88326708922132106140
3.90820930862204461844
.90049986118821806290
3.81854684402326011323
5.81292525326104636296
5.09419277216714679755
3.76417321599312164278
3.12568392515942020992
2.80403281007908322228
1.74714052096561483190
1.25972219159622650508
1.05650366776457524989
.39812058474788765938
1.78476889260206459930
1.84502032509129828284
3.33120098463001778694
1.36066160377957310830
3.09783795573622604550
1.64878743323692275162
1.33727334528136019376
1.33135269556943474872
1.09457754407807946770
1.97134471871359931365
2.06281361252053017374
2.80451421818467520494
2.81796025522007673329
2.12943654519217829638
2.63425511293040864432
3.41505490439026470419
2.76179289592829534456
.91700599779936008878
2.39027195105494219996
2.99222325370283826353
1.75852210677034140036
3.59973610143854850886
5.13256271271964099320
2.85057888857684484185
1.73280120036892864567
2.70322030178822088543
1.69059161242447905385
1.41470845052964888267
1.35683455144685934549
1.67746833055053531165
.82716382899640866730
.31416556144810016397
.66075714146727161952
.45716517802649842678
.61911226768656425970
.44429719783046122650
.22045407685048602883
.90498618773990136517
.96757428655375086915
1.15013042738638994760
1.18431414751323476706
1.53222061074768211721
1.60065611547265204580
1.20374415886433276598
.84935269470344297012
.78032044699597613453
.56364882684167807997
.96793594829410070836
1.02615788258922418122
1.61820888639260660809
1.98037875165332957073
1.91973956567030206114
1.93623345699840648115
2.25268728411202250475
2.60747003817877071306
2.49000000000000000000
2.53822772815994585651
2.39812426700536100471
2.54177103610848473292
2.91427521006510296259
2.39041837342336372864
1.76229963400098338668
1.12307613277106018285
.75980260594446502595
.77633755544865920134
.69498201415576216334
.52191953402799554538
.59766211189935739475
.63118935352238000181
.57515215378193621087
.36482872693909398340
1.69738033451551452808
2.73556209945963390845
1.42856571427428566857
3.13561796142323435313
3.42385747366913624569
2.55814385834729787191
2.43289950470626714705
1.60863296000050925227
2.17416650696307066443
1.10172591872933623926
.72263407060558665579
.67007462271003816907
1.09777046781191923262
1.14995652091720406922
1.07466273779265278850
.68912988616080205522
1.35107364714141323525
1.98519520450760710576
1.75139944044755250115
1.24795833263775277378
.98208960894614906825
1.85458890323435290417
1.00682669809654928518
.34409301068170507086
.86884981440983228191
.93840289854624809763
1.13762911355151244652
1.62409975063109962907
1.89499340368245081656
1.60505451620809440965
1.77507746309844179712
1.86775266028454634885
2.02459872567380620684
1.30525859506842551187
1.03793063352037163004
.81221918224085301394
.65559133612335055018
.68381283989115033288
1.32438665049146429396
1.26909416514299678660
1.06508215645554779897
1.40182024525257873734
1.66718325327481621749
1.70099970605523621295
1.18995798245148135146
.89470665583754321370
2.02061871712601929960
1.74114904588894973784
2.28801223772951004729
2.13018778514946892932
2.28065779984635134652
1.91481069560413726032
1.27027556065603340411
1.85094570422797653710
2.84038729753532027021
3.52932004782790986825
1.06343782140753297546
5.96828283512100321105
4.20163063583652007815
6.24376488987213547209
7.18860904487091995034
5.78766792412971806984
6.04099329580823156867
4.93702339471872464409
6.65284149818707164425
3.72633868562695197210
2.18011467588289951404
16.02021847541412276603
12.70383800274546951844
7.23077450899971019141
7.82538177982390837421
17.31411274076728426106
6.32794595425719482337
8.94253878940427073616
7.47176685931781466208
4.31271376281802407309
1.91932279723865104722
3.65838762298365535020
8.69555058636311999691
5.82431970276357683390
10.10901083192613855851
4.44712266527470546227
6.88207817450513998446
5.09902931939011309701
