6.09660561296201937615
2.11527775953892164019
3.80473389345431095156
3.35014925040661434708
2.58358278365528670744
2.60775765745208770540
3.54916891680291824343
3.90141000152508964677
3.69039293300862476058
2.17202670333492907542
3.25261433311728490267
4.62632683670317439019
7.55675856435813357394
2.41919408068058896695
1.21659360511224125043
.93541434669348534639
1.46198495204294083048
1.59514889587147945340
1.32068164218330830859
2.24697574530745658425
3.70035133467080393122
4.07225981489393674958
4.55126356081473268923
5.23062137800089674967
6.10842860316792112377
2.95711007573272456292
3.61275518129861658634
1.71481777457547949222
5.73139599050702480773
2.16030090496671319614
3.29265850036106841931
3.61673886256666310619
2.70442230430086491697
.95168272023821048255
4.57499726775874697898
4.42662399577827255965
3.80077623650748479576
3.40443827965789387139
3.91461364632577757532
3.73348362792714011387
3.47686640525631930700
2.44421766624824148454
3.37037089947085794025
3.70110794222486842616
4.04254870100534472212
1.96305883763070127698
1.44235917856822334570
2.87090578041147146247
3.32064752721513639423
3.21801180855508981148
1.63456416209336976886
3.43729544845944250989
1.17826143109243799095
3.12757094244079457939
2.98363871807563189089
2.18160491381918188051
2.65561668920798884182
3.81285981908593119995
4.54304963653271127233
3.92167056240067161508
2.35868607491543901724
4.13295293948527800073
9.06224034110771087752
4.40785662198760725525
.61595454377737972816
3.39204952794029822078
.79177016867270264692
4.14184741389636419329
3.60545420162286904065
2.34627364133001332236
4.53000000000000000000
3.83658702494808528746
.50259327492516252330
1.61102451874575763701
7.01909538330973245650
2.89801656309966592985
2.90327401393667972877
1.00304536288245707636
1.58631648796827425524
2.25366368387122039101
1.16846052564902679300
1.50059988004797601343
1.11830228471554148032
4.11772995714872006709
5.45960621290583557413
4.78620935605620995906
5.21824683203084980323
2.08875561040539158619
2.07205212289652597918
1.81694799044991929014
1.84426136976297369931
1.50774666307042444072
2.45173408019711632020
1.75561954876334183521
1.00429079454110302026
1.25147912487584066773
1.75453697595690470532
1.73430101193535604763
1.65924681708297997265
1.30188325129406285023
.90653185272223060479
1.39660302162067514266
2.41787096429896357693
3.96780795906253507278
3.14599745708733846077
3.35111921602320796933
2.03928909181606716110
1.09640321050241366027
1.11382224793725502239
3.74590443017437378934
4.39985227024726365414
3.91331061890057482822
1.46485494162391383182
1.36121269462196832687
1.90717067930481775220
1.47081609999346961187
1.46785557872700814285
2.55211676848846396979
2.79637265041696472389
3.10948548798671835833
2.50259864940425475328
2.74069334293349937344
2.70155510771111237755
.98701570402906964082
2.49947994590874843450
2.17818731976843534282
1.81771835002015645053
3.84784355191320116125
2.43823706804732176764
2.82881600674204330620
2.88244687722081011815
3.76289781950028507547
4.24280567549351710819
5.05965413837744447067
3.90312695156076110944
6.40982059031296132579
3.68529510351613497486
1.82805908000808332737
1.50159914757567706871
1.82178483910696764805
2.10418630353873371085
2.29290209123721634761
2.53594163970703395207
2.77479728989344372971
3.79547098526651893571
1.99774873294916645781
2.59642061307485386401
2.02982757888447264046
1.58600126103354659344
3.63099160010044639045
2.04731531523602880510
1.99667223148918460637
2.40586782679348368229
2.54658594985521743335
3.55917125185063271352
3.25209163462532217743
2.13639883916837962693
2.29455878111675317351
2.74823579774370889042
3.01955294704365136091
.85211501571090742045
1.26087271363924756796
1.21872884597025929260
3.07104216838518842243
2.25517183380779212852
2.05966016614391996645
2.39572535988581128514
1.21959009507293064109
5.21978926777700480761
6.27159469353688384536
8.40273169867990013284
7.90215793312181277110
3.77828003197222002839
10.19588152147718907574
5.01127728229041423095
3.75117314982926374645
2.81284553432996032335
5.88791983641081852662
2.17956417661880284446
5.94334922413280372433
3.42365301980209437227
3.89024420827279170952
8.90190990742997802891
1.67633528865797011831
3.71544075447314864057
2.76631523872461072050
3.21398506530444226331
2.29577873498296869297
4.15407029309808381822
7.56386805807716347158
5.26165373243051789480
2.72082708013574431197
3.48176679287972990455
.50695167422546303294
4.44500843643743830408
3.80038155979106918937
7.17181985272915231498
2.06946853080688327726
3.24200555212356167858
3.95293561799329081863
