5.86710320345568831890
1.69858764860692425794
1.94414505631652907279
1.44270579121316346090
2.80192790770926153034
2.76720075166222806517
1.22188379152847428218
1.66355042003541329393
1.44644391526253101383
1.95806026464968641424
.70156966867161524972
1.73660588505279458528
3.83424047237520041281
2.38817922275527721751
2.22429764195352237036
2.59177545323664179501
3.67862746143177700276
1.97709382680741785780
.54083269131959839396
2.13236957397164153027
2.43517966482968151447
2.12339351039791962532
2.33974357569371263783
2.04572725454787838391
1.87125626251457071776
3.05506137417892146672
2.68508845291919573291
4.20134502272784066572
1.82419845411621813489
2.17653394184423413967
7.73332399424723443417
3.29107885046833844466
5.20842586584468916351
5.40853029944364830494
9.93415321001241655402
4.67482619997792003475
2.91732754417463381272
4.85461635971371068340
2.36381048309715387809
1.75217008306842175691
2.63222339477484319391
1.20453310456790684254
1.04312031904282259551
2.32176656880057604123
2.30525486660369074254
2.51581000872482419655
2.09210420390572323901
2.85513572356902150824
5.98453005673795576100
5.27275070527708525762
3.90637939785679291614
1.66595318061462939781
1.60623784042090105405
.90432295116291281706
1.81755330045641302507
1.88544424473385051620
1.28976742089417036104
1.46488907429880164288
4.68479455259246133784
6.40203092776034626991
8.10146283087196543363
8.10991368634709946504
7.05627380421139837163
3.63587678559106290295
4.57936676845172557532
2.61038311364443207853
2.66347517352799817682
2.92207118325341280519
3.99400801200999094841
3.39035396382147685626
4.34484752321643618803
2.72099246599471495118
4.19596234492160332113
5.46026556130743516422
6.13912860266015277745
5.29034970488719204858
1.62809704870440693271
1.93587189658820141672
2.13199437147474664715
2.19038809346654365893
2.25417390633464657715
1.67457457283932267403
1.80360749610329575165
2.12588804973356957811
2.71357697513816622522
3.53662268272995161481
2.64140114333283349550
2.44665077197380174043
3.04085514288333044231
2.37225630992943087587
2.76655019835173061332
3.72633868562695197210
2.26594351209380327747
2.70542048487845970179
2.86459421210055508971
3.48270010193240727162
3.02235007899482087776
2.16852484422014404552
.86498554901223638881
2.03374039641248214057
3.12001602559986861359
3.39966174788022109780
2.11898560636923628915
2.48583989830399174080
2.18712139580774070941
1.95484014691738925315
2.91508147399004956181
2.48439127353160697741
1.89132228877047816596
1.13666177907062574019
1.07577878766965841303
.70866070866106299177
.66075714146727161952
1.56783289925935665703
1.72133668990119419925
3.91104845278091639241
2.71317157584993138966
1.62653004890779684605
1.27949208672816730320
1.55286831379869426454
3.15209454172935618818
1.91668985493219533553
2.52479702154450427813
2.20481291723356882187
2.16956216781174537515
2.83100688801705320047
2.77138954317143947760
4.23248154160180597000
2.60001923069811158656
3.40860675349914778050
3.07991883009926091136
2.62438564239328210816
2.72062492821042864162
1.81367031182627014957
1.89686583605694158751
1.67791537331296896369
1.19503138034111890847
1.39896390232200058722
1.60754471166434434574
.45144213361182848281
1.80047216029573753584
1.50446003602621495490
2.98732321652679558188
4.53061805938218544067
5.95094110204428086137
4.81514278085292087634
3.10191876102518197461
2.07164186094025431575
1.38596536753268117150
1.29695797927303720336
1.53251427399551486200
.58043087443725803239
.82286086308682830683
1.00767058109284901361
1.56990445569149207380
.87498571416909430590
.65192024052026487145
1.39122248400462533640
1.15529217083818238779
.93177250442369246808
1.22780291578086749549
3.06903893751773700105
3.10596200878246416454
1.49843251432955765263
3.86124332307613061672
3.74863975329718766508
2.18052745912542912879
2.19656550095825733379
2.28991266208997586738
1.74928556845359014126
3.53629749879729434508
5.41721330575047598429
9.84386103111985221203
8.59234543067258207864
2.39443103889003243099
3.28274275568464243317
4.38817729815011006922
5.49891807540356069269
5.72945023540653505866
4.58366665454633600802
2.90342900722576648986
5.80492894013354826699
8.34039567406726813498
2.88466635852398015239
7.73367958994940518992
4.69017057259115044224
4.87410504605717335579
3.43851712224906624791
6.51868084814711572331
3.79827592467951174780
4.21024939878862758089
5.35598730394313014749
3.84770061205390563063
2.55673620070589214473
3.99661106438942842498
4.34292528142034697842
4.96038304972509154307
7.54820508465423188914
3.19468308287379266298
5.65792364741695679238
