2.68333747411688789242
6.76557462452377359038
1.67895801019560938869
4.22002369661593251106
5.83694269288297878522
4.18380209857015105924
5.07829695862697655220
3.42210461558380765993
3.05435754292126055279
3.76787738654006627429
2.72338025255380009704
2.44585363421444333981
4.91590276551520087122
2.44116775335084254016
1.84688927659456618547
1.34439577506030566965
3.39476066903102905617
2.50970117743128932851
3.51855083805819125186
3.97465721792458475144
3.99093973895873301245
3.46976944479024427298
3.05042619973012951434
4.24090792166017205075
3.01650459969813405885
2.55871061278918370769
3.65470929076445148656
2.90669915883979985026
2.07858124690857345375
2.39885389300807563793
3.92818024026393167742
3.73186280562402240087
3.88742845593330501874
3.19166100956852872351
3.73749916387950513746
3.45097087788349787459
1.85445409757157375696
4.43231316583113292089
5.68763571266655579220
2.45678651901218311777
2.50601276932101844388
1.09370928495647324828
3.63373086510269772345
4.01798456940790154647
7.86117675669489065076
2.95128785447980319505
1.52095364820891238098
3.52926337923368932576
2.06811508383842121234
3.52071015563621766310
3.41275548494175011559
3.69368379805310351636
2.16817895940348982992
1.87629954964552501754
2.33362379144539919562
3.20451244341475447483
2.98678757195753712343
5.60433760581926398992
6.35996069170242592309
1.49709719123375553810
1.65668343385210440752
1.78893823258378599615
3.17039429724442950083
2.20703420906881278000
4.83153184818231328607
4.25358672181489676983
4.23522136375420169134
5.87464041452751387037
4.67472993872373337553
1.51855194181825733161
2.07802791126587132758
2.55107820342693532253
2.97966441063419086507
1.03855669079737770470
1.37451809737085673629
.94915752117338247429
.92320095320574707474
2.84524164175909670661
2.88814819564370692283
2.60898447676485802428
2.23988839007661272354
3.73990641594144705678
3.92464011088915004988
3.09388105783011639033
1.42365726212456065285
2.00107471124893285429
1.42144292885785604445
2.07525901997798819349
.37456641600656084447
3.71382552094198415642
4.97806187185334208156
2.77949635725611268519
2.75624744897841129956
1.99612123880289395612
3.08509319146115908703
3.38910017556282924341
4.71567598547652550653
5.30032074501156958049
.99252204005754955325
3.34139192553043678417
2.22263357303897486142
3.74830628417689474171
1.26641225515232597973
6.84512965545576791742
2.33497323325129361106
5.55334133652884693631
2.10040472290461201962
3.95437732139966633204
5.12809906300570601603
7.27640708042094082508
4.35856627803226137886
3.95366918191191105123
3.41140733422439601813
4.64586913289644868791
3.10866530845634779795
6.69044094212033232562
4.61862533661261595084
2.35756230034330163828
4.48146181507775429131
4.49214870635423199143
3.40405640376301638037
1.09348068112792920983
1.46188234820726938005
3.42477736502681295094
4.45628769268771515206
2.01181510084798796849
4.12838951650640639982
5.31080031633651238337
1.83319393409426270662
2.03209251757886259877
2.66103363375963363639
1.67767696533033438439
4.05996305401908799192
3.28916402753039970674
1.47952695142738106188
3.92089275548311828599
2.23814655462952202092
3.01476367232988927695
6.64353068781954223916
4.51939155196803013185
2.95717770855929454742
3.64376179243374799400
2.64488184991314876692
5.76390492634984394916
4.35800413033305878256
1.92098932844511137851
6.46833827192115857727
3.09245856884130300550
2.81184992487152486009
4.67915590678489788660
3.36867926641881417330
3.08038958575047776374
1.53574086355739066138
1.65532474155375325254
1.49489130039611910238
2.37476314608425738892
2.37962181869304602323
1.45165422880243765024
2.48698612782620884485
2.54952936833447753089
4.07819813152818753532
4.45747686477451052625
4.31914343359884263985
.70469851709791471647
4.03581466373271407687
2.63121644871720882148
5.23787170518713640629
4.70638927416761819221
3.27476716729602014617
1.19004201606497911078
2.31402247180099787379
2.00980098517241253739
5.99784961465357182224
2.55103900401385474386
3.81621540272558514288
3.33366165049784258995
2.60440012286898804008
2.04169047605164676685
1.14092068085384445799
1.78342367372422193043
5.03525570353681243908
1.04713895925994463975
2.81113855937411950259
2.35735020733025579870
3.74766594028870187932
3.37149818330071179055
2.89057087787170512066
2.81840380357393074534
2.41234325915695505110
4.12146818500397986512
4.25031763518916313003
1.92127561791638838254
1.79412931529474764334
3.23092865907002038217
5.24353888132814363705
2.43413228892761701518
2.11463944917331001729
6.60909222208315080793
2.41325506318747832436
2.92475640011266579329
