2.71646829541594318972
1.55544205935161725007
1.42597335178466781893
.80882631015564769398
.61106464469808756887
.76557168181692823113
.74752926364123030230
.28337254630609507934
1.10063617967064847890
1.30219046225964963485
2.01578768723295856924
2.75292571639701168308
2.63414122628229635321
.57148928248918194388
.86307589469292907601
.74471471047643472744
.86769810418140248464
.86948260477136631442
.86486993241758613006
1.16696186741469834542
2.04687566793882231639
5.16313858035981831034
5.54209346727389649137
5.37865224754305899716
4.57329203091164953434
8.07418726560141160069
3.81687044579718476983
3.24299244525792874995
7.64919603618576375154
2.09346602551844628687
3.33925141311641882188
3.75992021191939656830
4.52448892141421869124
4.13480350198168425610
4.91495676481492561257
8.93940713917874981132
7.57423263439934223941
3.37183926070030805672
2.49377224300857114179
1.35694509837354878887
.70611613775638919326
.86272823067290431631
1.01178060863015159883
1.77014123730283172000
1.07522090753481909774
.96234089594072640138
1.86560981987123985013
2.12591156918626321304
1.89504617357994736539
.78797208072367640200
.90094394942193823470
.54863466897380810708
.88017043804026956197
.60083275543199207307
.97657564991146487217
.88803153097173300764
1.20108284476966866717
1.81234654522803667908
3.03461694452528884576
4.51863917568110321892
4.38128976444151659810
5.81884868337371357701
3.14942851958891107009
2.16372364224269639050
2.18737285344771525533
3.31489064676347958710
8.24202038337688170024
5.15908906687992739872
1.73265691930052903938
1.28720627717549606424
1.36755255840497772073
1.37072973266067297340
.76190550595201764823
1.42379773844461489227
.94334511182281535157
.67941151005852116046
.49558046773455468782
.57105166141076938469
.90360389552059811823
.80925892024740759109
.84308955633431968162
.40261644278394790864
.53009433122794286301
1.08041658632214638914
1.76002840886162971048
1.19833217431561938347
.57210138961551212089
1.34413540984530275114
1.89327758133877452829
1.49566038925954042931
1.42765542061101004317
2.14198506063884581893
2.51608823374698050353
2.38832577342371783901
2.79098548903429449557
2.99008361087110739676
1.93051806518354031174
1.82280004388852262283
2.15148785727458847770
1.41495582969928782155
1.38412427187734844663
1.65553616692599017348
1.71513847837426818077
2.03457612293076908604
3.50954412994052548072
3.56583790994487016657
2.48104816559453355566
1.02420701032554937301
.75059976019180821478
.99206854601887262939
.96850400102426009544
1.38336546147429891658
1.36711374801074983557
1.10467189699023302346
1.10063617967064847890
1.16905945101179520809
1.17549989366226656413
.97534609242053151314
.85883642214335553876
2.04144556625936024490
1.80313615681123759112
.58266628527828860470
.93182616404563356733
1.01084123382458038705
2.41646435934817793041
2.29192059199266325715
2.14107449660211496341
2.34963827003221923602
2.19913619405438370862
2.28188518554286600197
2.03425662097976222858
2.28241100593210424520
2.03941167987240869386
2.09418241803334792489
2.55370319340365003193
3.10344969348626626002
2.36805827630993912581
2.12842664895927292089
1.64322852945048395054
1.27078715763104877231
1.12008928215566816037
1.09050447041724684531
.98417478122536750967
1.17872812811097368840
1.39574352944944724182
1.66174606965083567186
2.24653065859337873403
2.27334555226432745670
1.26972437954069386294
1.52098652196526712022
1.57168699173849498397
.94159439250666738451
1.29135587658863426105
.89560035730229585477
.74759614766262673673
1.23494939167562651988
1.00084963905673663384
1.00945529866359114574
1.44104129017873738370
1.45447585060735882951
1.49706379289594737028
1.65849329211787890185
2.19337639268776666570
2.54568261965233992913
3.45285389207246937629
3.50910244934513133117
3.21846236578898029531
2.89732635372682861323
2.11068709192054329955
1.69357609808357888267
3.42794399020754129940
3.34348620454758269666
2.33248794209101968510
11.39138270799467082850
4.68133527959705103624
11.24832876475434460796
3.36602139030636583386
2.69399331847723779762
5.71704469109696570334
4.30383549871507054560
6.76956424003790660534
2.43938516843896548275
16.07057248513568044259
10.92876479754230963017
11.36568079791087569499
4.18112425072491716784
6.17561332986449209085
4.34200414555306476160
4.33913585867047956390
.70455659815234148440
6.35555662393153413402
3.44094463774121190088
2.80467466919070668886
8.65624629963819825689
5.31727373754633775860
3.17258569624210466337
5.20986564126177825944
9.32575466115209359360
4.76076674496871354542
6.84050436736941203745
