6.70058952630289091043
4.31817090907712915179
2.03543607121422509195
.95462034338264549682
1.41580365870412977966
1.46208754867825886974
1.20357799913424805008
2.33662149266842104000
3.28126499996571444244
2.47778126556804848241
2.68747093007533757769
2.10283142453217109992
1.47139389695621613992
2.44724334711528023800
2.22658932001390862684
3.03794338327757517147
2.98512981292271442149
3.53522276525822344110
2.41184576621308851055
2.94723599326555456615
2.63996212094037440187
2.58265367403374469557
5.43389363164204751807
4.36481385628299159430
1.88578895956042758883
2.76741756878140816647
6.58410965886808419277
9.50980546593882749967
3.45933519624797272983
5.99087639665516717961
1.35384637237760474046
5.13390689436417418946
7.12624725925223562895
5.23918886851772122674
3.00461311985420179486
2.73972626369861994649
4.11990291147740519179
1.81267757750792515285
1.23304501134386817647
1.27027556065603340411
.94116948526819546477
2.42987654007358982938
1.55335121591995414383
1.10476241789807459036
1.29591666398731056675
1.07182088055794098715
1.62692962355474983219
1.48640505919483468367
1.34182711255958753637
1.80058323884234799349
1.85528973478537847484
1.29595524614085343035
3.03151777167807479109
1.22102416028512720007
2.65879672032293585797
1.91637678967368001255
1.28689548915209116914
2.18709853458869109087
6.15095114596108623653
6.50825629489189677225
6.60714764478591018567
2.56674891643105598097
6.19008077491723850929
4.70786575849396963240
4.13331586017812096266
3.95409913886842245421
2.16628714624816070342
3.00793949407231261879
7.25926993574422744099
5.70461216911369006345
2.40611720412784547298
3.78656836726870679645
2.71213937694949593458
2.46515719579908331654
7.45969168263675626825
1.47682090992780840975
.80678373806119815716
.58129166517334480012
.58266628527828860470
1.26210142223198528491
1.29108481518450212156
2.11385903030452813589
3.36008928452801682393
4.79542490296741066586
6.30223769783400029447
4.99571816659026512782
4.36001146787482658795
3.39154831898352879710
1.26352681016272860089
1.13163598387467336668
2.00820815654154736330
4.31583132200506649967
3.39011799204688449439
1.82255315423172226337
2.67473363159773350915
1.57305435379709623052
.70007142492748552406
1.97223223784624309644
1.86799357600608466332
2.50938239413605514361
2.61224041772574983638
.50408332644514240072
1.28689548915209116914
2.09613930834761075523
2.96280272714873812943
4.85115450176553333818
5.95753304648828616130
4.28733017156365040315
3.57482866722308804973
4.40675617659974466620
4.40005681781496998886
1.21503086380552490062
2.27861800221098929155
3.05327692815440506023
3.74553067001192769568
1.10643571887389824992
1.35014814002019793176
3.97967335342990178933
3.26986238242529099865
4.98222841708406620902
3.37541108607529462205
3.49654114804902589180
3.38109449734845476708
3.42160780920315296149
3.24744514965226164018
1.96491730105874939339
4.04696182339295115817
2.32639205638258660212
1.15900819669232710737
1.61554944214035120937
.77942286340599478208
1.68193341128595218830
2.23100874045800188120
5.85796039590572855214
4.10776094728016031368
3.81393497584843467661
5.41430512623734570403
4.18184169953861357303
2.28772813070084881535
2.62792693962370270458
2.36683332746520197380
2.01109422951785130917
2.28249863088677448608
1.08839331126206394010
1.73288776324377107651
.64280634719952789215
3.08591963602424358402
2.73905093052319857734
3.65132852534526123267
4.22472484311108715784
3.62802976834534807266
2.61858740545355865728
3.90360090173163065888
4.21894536584677758967
3.89802514101692268703
3.23030958268708356936
2.38266657340048315875
1.47105404387466336212
2.23966515354416317265
4.13192449108160736243
3.77098130464737255239
4.66988222549562806423
4.02514596008641654326
4.12831684830512978880
3.87987113188054224064
3.82797596648672808774
2.87069677952931838377
3.53000000000000000000
1.34380058044339302182
3.31037762196399581690
6.40424858980349075581
2.30594882857360908957
2.87337780321349319077
5.49396942110165007059
7.52211406454329167532
3.63733418866070099792
1.27667536985719278816
3.63012396482544380890
5.10171539778533706477
3.66109273305115832052
4.75754138184840174701
3.57856116337278773637
3.75247918048854736080
5.52521492794624234606
3.76698818686759356288
2.25610283453569553818
6.50392189374995492803
2.65890955092496517964
1.95829007044411068780
3.86327581205380675315
1.59204271299484926853
4.37989725906898414315
5.14969902033118824873
2.56359123106629462507
2.81058712727429960382
3.86275808199271003738
.60074953183502357183
2.82625193498385773329
5.43769252532726421717
1.89765644941332834498
