3.32281507159215828665
1.24430703606465233231
1.49124109385437739150
1.42891567280928093262
1.31882523482074758183
.74491610265854771626
1.10765518100174117318
1.54990322278521635442
1.22364210453874134413
1.40644943030313037984
.90404645898316531152
1.58770274295914724920
1.60028122528510594283
.70007142492748552406
1.03179455319360937204
.74087785767965828714
.96405394039960232922
.76269259862673375755
.36918829883949464088
1.39821314541095629051
2.03307648651003782150
2.66131546420186721914
2.92352526925969976299
1.48097940566369794472
2.93450166127061512692
12.82639076279839526704
8.51771683023097451925
3.85517833569343455865
12.00750182177791718197
6.50210735069792584242
11.56227486267300255102
7.10069010730647222208
15.15830465454497982000
6.88504175731708979444
11.96158434322142795632
5.50717713533893877783
3.05419383798736651173
1.62834271576962569099
1.61517800876559732833
.52735187493740837177
1.00389242451569480901
.72408563029520203288
.67779052811322171795
1.37091210513292937368
1.40449279101033480527
1.50787930551486779133
1.62299106590270545456
2.67262043694947449977
1.60206117236515035640
1.29464280788177246182
1.33420388247074142592
1.34257215820975521971
1.23713378419635764144
1.15524889093216618417
1.05023806824928984765
1.14947814246291782196
.79661785066617732677
1.14297856497836388777
.72297994439679998636
1.66703329300887089391
6.13990227935266083742
3.63949172275470355959
2.47309522663402510559
8.27420691063500055134
5.96918754940737307706
8.96257217544160142982
8.08275324379013812288
3.44836192996036887868
1.40246212070059132845
1.44986206240455853925
1.06306161627630973364
.89816479556927636240
1.16880280629368784896
1.21264174429218788954
2.21531036200348234637
1.37963763358354355960
1.39032370331516681655
1.19021006549264235332
.79366239674057885908
1.05806427025960951310
.97380696239039079895
.80653580205716844544
.13892443989449804508
.77980766859527612624
1.31586473468970206307
1.27565669362881485254
.70526590730021822032
1.25638369935302805965
1.18966381805953903693
1.50874119715741838027
1.39089898986231203603
.93861600242058519892
1.46669696938392833102
1.71000000000000000000
2.83474866610780857776
2.38084018783285830186
1.43631472874158050945
1.57318148984788147360
1.07786826653353145277
1.24024191188654804305
1.22511223975601517128
1.55884572681198956417
1.16846052564902679300
1.07545339276046732828
.92897793299948734573
.78517513969814403440
1.22629523362035457272
.94578010129204981069
.63442887702247601900
1.16378692207809243795
1.17690271475598185910
.95718336801262902010
1.30061523903112868301
1.35727668513092790103
1.30038455850567527415
.98792712281827752236
.73844431069648034766
.14594519519326424197
1.65948787280895789015
2.11634118232387095416
2.01330573932525210988
1.26463433450147952243
.94345111161098326409
1.21696343412610388915
2.05752278237690481228
2.41828451593273036033
3.53520862184963562300
3.17561017758792302306
1.99241060025286956411
1.33544000239621397975
2.04697337549856764129
.88622796164418102837
1.93082883757209302770
4.55801491879963025642
3.36661551116250873843
3.04442112724241880629
2.32997854067371187022
1.93703381488295139158
1.61533278305122006831
1.21400164744534016633
1.02985435863523925758
.64039050586341456159
1.09594707901431080003
.83719770663804377146
1.86295464249669803924
1.53440542230533061942
1.60443136344313588714
1.00079968025574428637
1.58458196379991653620
.77627314780301398752
1.10154437041818701312
1.00344406919369452218
.64505813691480553247
.54083269131959839396
.44821869662029940805
.58677082408722402325
.64265076052238512853
.99448479123614555154
.78198465458089393379
.83270643086264201133
.57218878003679869430
1.41506183610469828824
1.56776911565447034098
.84958813551037775777
.89274856482662575042
.49678969393496882404
.87846456957580252771
.96208107766445547112
.92590496272565684958
1.04062481231229538658
2.02731349327132926277
1.46071900104024114114
3.76059835664485712171
.85802097876450550106
1.47268462340040747775
2.21246468898375867389
10.72614562645874205268
7.47021418702302002475
6.21845640010445035845
5.47603871425321462728
7.82284475111196361775
5.69675346140238018989
4.80836770640515802888
8.19462018643939348257
5.87031515337975700406
5.72357405822620591694
4.83645531355351199217
2.31706711167372102942
2.55644284113687939893
2.01521710989163646491
3.41574296456861636613
7.45083216828831811528
3.81195487906139833416
4.84258195594044644558
3.45014492449230312038
3.70586022402356670427
5.40109248208175009768
2.12360542474349504568
2.60710567488163010979
5.29027409497844449825
