6.67335747581380507600
5.04178539805097218102
2.91977738877469903595
2.76235406854371222909
3.43748454541980450196
2.95001694910385218281
2.03009851977681122587
2.15483177997726773827
2.48509557160283073085
1.33405397192167603845
1.06587991818966173822
2.71591605172177588056
6.83727284814640112662
3.07327187212586189055
3.09766040746883679441
2.37739353073907391752
3.28885998485797506897
2.79710564691432418551
2.82975263936620439014
2.85017543319705146882
3.85241482709222268406
5.30329143080031007265
8.50105875759013913663
4.63329256576789029341
4.02627619519575432715
3.40859208471767709701
6.65661325299885512283
7.16802622763058812735
2.28076741470935611049
5.03168957707050922559
5.06649780420360983698
2.53824742686760149505
3.86959946247670444861
1.85367203140145587081
3.98012562615804879571
1.72336879396140859795
7.74151148032475632264
2.95201626011781987948
3.12969647090576500844
4.60481269977400926642
1.76366096515174934003
1.44287906631151870766
4.78657497590918343697
1.63795604336624369621
1.67194497517113283736
3.11963138848165842081
2.44591496172700166096
1.46659469520382487983
2.90533991126683832639
2.58391176319935507197
1.69755706826015130583
2.30575367288008456074
1.62803562614581625745
2.26955942861164135677
2.25259849951117564886
1.61127278882255068014
2.67977611005098707667
1.85423838812597125024
.83174515327713211748
2.60808358761754413215
1.97823153346619161610
2.45682722225230970758
3.81146953287049114777
2.72246212094860926827
4.73371946781809198499
7.69894148568489900819
2.78921135807238530612
3.97146068846211796416
3.59583091927304056880
3.42579917683450907796
4.26612236111436447391
4.91511953059129580310
2.78720289896519733079
1.84694342089843131177
3.73135364177666762200
2.87725563688734477384
1.27129854872881845825
2.88154472462254175576
1.90507217711035819956
1.14590575528705675490
1.52947703480634190266
1.51462866736372053918
2.07687264896045082468
.35298725189445581449
3.56047749606706544059
1.73031788986879517843
2.29543024289565375587
2.74870878777654436340
2.86667054263303860391
2.00491895098031331866
2.75885845958070128755
2.23792314434611449191
2.45424122693756409809
5.80544571932250521494
5.33207276769550473470
3.86247330087859636456
4.53878838458018441245
4.91607567069507179692
3.95542665208192174359
2.82221544181162753413
2.48831268131639758357
2.66488273663213931669
3.28525493683519179031
4.40279456709031565053
4.23165452276057148355
5.25384621015880136506
6.31969144816422188591
2.21858062733811862697
.79259068881737438689
2.86337213788218593122
4.12294797444740988087
1.65749811462939528738
1.08894444302728318757
.47518417482066887535
.41533119314590374262
.97994897826366450066
1.67979165374757116037
.87509999428636725365
1.67770676818089996045
1.93126901285139455840
.96374270425254063243
1.45880087743324311451
3.28837345810964725345
2.94025509097425082581
3.92842207508307335140
4.95317070168190347217
4.43618078982360681697
2.63554548433526375367
4.48688087651098666874
4.14903603262251748789
5.05891292670668527291
6.60518735540484120187
5.56783620448734105897
4.19768984085294229352
3.57225419028377654445
2.91761889217903166497
4.18064588311423477827
3.30632726752812538334
2.05611283737055637303
2.26459709440774475263
2.27272963636240727400
1.12796276534289907383
.22090722034374521548
6.05541906064311952008
5.86700945968216417362
6.65770981644589252970
6.12836846150751611283
5.92785796051153708815
2.08854016001608166347
1.92192611720638210385
3.95075942066838587700
2.15819368917620551919
1.39046754726602662986
2.25157722496919922988
3.39157780391368878294
1.88687572457753560447
1.98159027046460843284
1.35591297655859905853
2.31432495557559937054
2.12287540849669272341
1.91640288039858675223
1.56757774926795895752
3.23082032926623760898
3.96489596332615012537
1.19419428905015284367
.70327803890068968938
.76791926658991959426
3.62353418639868775283
4.82302809446513591423
1.96402647639994914606
4.26038730633730059704
3.45370815211708356068
6.30311827590122252816
1.79270744964146339099
4.02801439917982418326
4.39512229636445952673
6.75812104064435945642
6.55403692391185724238
1.30923641868075148652
4.70235047609171726229
2.40374707488121553408
2.53609936713844081192
2.39993749918617672321
1.69336942218760995318
3.87228614645147318043
5.13840442160793723564
1.17115327775658810218
2.43363925017657454776
4.46024662995220478424
1.70557908054713194526
2.32185270850672179325
2.69532929342594427270
3.09541596558523940168
2.50285836594882052466
1.46816211638905871885
4.24411357058220109077
3.61225691223644833376
4.09102676598430482573
3.35837758448927240334
3.06654528745296699881
