3.40373324454193971725
2.13365882933518684886
3.88849585315453306836
1.87858989670444038614
.79912452096028188390
.71561162651259377089
.55587768438749184960
.45133136385587031347
.33585711247493330403
1.40648498036772507867
1.89591666483524533631
1.41626268749833270469
3.64957531775958831217
1.77589414098926515941
1.23604207048142176089
1.32627297341082842409
1.70428870793653972387
1.55759429891098407294
2.40954352523460343488
3.09659490408416192626
4.13730588668519891443
4.06294228361664030173
4.70860913646482234746
5.88817458980285332367
11.94779059073266482901
14.34916025417515504025
4.44050672784086658678
4.43411772509481304141
1.52702324802211181004
5.79031087248344551264
5.25895426867357347245
6.72430665570808125380
8.18712403716958474174
5.53932306333544694799
9.07990088051626255196
6.97914751241152661166
4.89584517729063813989
4.41077090767589061824
2.17754448863852147933
1.20747670784988643606
.46486557196677837006
1.83245736648905422767
2.11194223405849810662
2.24165117714598941121
2.22274604937226240928
1.79883295500165884636
.89872131386765274601
.52163205422979903373
3.29372129968520560617
3.37422583713657198354
2.64690385167274257000
2.10883854289511694707
2.61965646602755911812
2.16545607205503016641
1.74774139963554104739
1.27675369590222843419
.65375836514724612738
.67564783726435475063
3.77736680771142478677
5.36329189957063589992
4.69426245538103674529
5.35179409170420158084
6.70323802352266169325
2.87229873098185941457
3.57156828298158118806
8.17333469276769553727
11.05815988309085717389
7.08932295780069537099
4.58532441600373571648
1.62739054931506837726
1.50801193629228280057
1.64356320231380210832
1.48771637081804003384
.91509562341866765153
4.08075973318694664851
1.35742403102346762601
.70569115057509400512
.70880180586677401607
.58677082408722402325
.72291078287711271349
1.32382022948737265472
.88119237400240817109
1.18718153624456272538
1.61895027718580659317
2.39662262361015026783
2.82008865108882703010
2.86504799261722664777
1.13176852757089865986
1.27287077113114668298
1.16438825140070869748
.75597619010124915441
2.33967946522595269795
2.03862698893152103780
1.49194503920218187104
.93257707456274089989
2.26338242460261231038
1.89153376919366681445
1.37945641467934752577
3.03399077124502802927
3.37749907475931072237
2.85008771794834412952
2.81866989908360854869
2.70536504006390974875
3.00990033057574848328
3.67277823997039058911
4.21466487398464458268
3.77324793778516494666
2.70294284068309517036
2.11971696223811918620
1.29695797927303720336
.95021050299394186395
1.10458136866416500317
1.21872884597025929260
.78606615497679328592
1.45440709569226180944
1.59442779704820751096
1.71653721194735536674
2.26770809408971330240
2.86276090514035069669
2.41700227554712906190
2.09260603076642211993
1.76853046340740198175
2.12275764042907168616
1.47312592808625834735
1.25797456254091243051
2.20077259161413585612
4.25400987304919169013
4.56725300372116455845
1.61455876325391142450
.64845971347493901195
.61147362984841791131
1.05214067500501091500
1.27753669223236011132
1.76691822108438284110
2.15881912164961147770
2.10546906887752687308
.92978492136622650221
.53450912059571069586
.80286985246676188794
1.22090130641260270542
1.92823753723445597692
2.13368226313104079287
2.12334641544897237712
1.38715536260362703468
1.33375410027485951118
1.52003289438090779759
1.70332028696895405702
2.53442301125917020821
1.38090550002525516771
1.83133830845095358093
1.59025155242810563338
1.17758226888825054183
1.36213068389196783411
1.37480907765405738900
.79252760204298247520
1.08231233939191509154
1.07200746266059174295
1.03894176930182184296
.76387171697870840857
.51244511901275828231
1.14284732138636961500
.46561786907291262161
.84929382430346212897
.75538069872085029334
1.56496006338820033161
.91246917756163139343
.85866174946832236309
3.14537756080251834685
2.88736904464947119790
1.08078675047393137442
2.66737698872881483812
4.91294209206662642503
7.84768755749106005398
2.40422544699951131683
3.84205674086159222094
2.24432617950243587136
3.58432699401156757797
5.51799782529859284829
6.14740595698706073341
6.70492356406842269678
7.24401131970402155582
3.64721811796333343450
3.98899736776047522124
2.09100454327579116333
5.35957087834464598005
3.85752511333367731323
2.92443156869843682105
6.07609249435852482234
2.15541179360232693331
5.79452327633602659255
4.63959049917123612518
3.21138599361708619880
4.22693742560733917472
3.26946478800429964196
4.44759485564951160828
2.88116295963973547679
5.71501531056566811714
1.87427319246688261435
6.55897857901670540285
6.87754316598594675806
