6.95768639707194621414
2.38264558841637209197
4.19176573772914938644
3.16573846045436924688
1.46989795564181937534
1.29499034745437388530
2.00234862099485563083
1.28798291914139917292
1.43937486430741870170
2.40243626346257102946
2.98358844346870334233
1.56384142418596905512
.64722484501137624359
2.77007220122508720142
2.01198906557664969830
1.44194313341407468973
1.85337529928506385066
1.89129585205488144432
1.34918493913918265321
.79755877526361654345
.90210864090751286850
2.15629311551096874525
3.75570233112263570935
4.27745251288661298213
2.59894209246762556643
6.21103856049855803823
4.86794617883147923367
4.62855268955642331683
4.29425197211342036079
1.10009090533464551499
4.87699702685986881666
1.92784854176877702147
4.95896158484818270930
5.50702278913025744889
6.22997592290692564920
4.78469434760466177889
2.28615397556682520141
2.99823281284159119250
3.47870665621578388355
2.61298679675194685052
3.11085197333463618471
4.13757175164371016614
3.97025188117832141151
2.31285537809868258956
1.67895801019560938869
1.69431402048144546421
.52621288467691476701
5.08420101884258703038
4.84109491747476481969
3.13544255249558032785
2.06150430511313752143
.83414627014690894678
1.20357799913424805008
2.77348156655132647737
3.51182288847259494024
2.70824666527995562489
3.28147832538933586051
1.29123971438304204599
2.09654477653113814911
3.49126051734899897888
6.40788576677206379800
3.70120250729408211882
6.20413571740657523795
.78606615497679328592
5.59761556379142564638
4.47234837641255312797
3.05990195921372618085
3.08736133291845190201
7.22388399685377007646
3.92303453974088787909
6.12671200563564926572
3.76431932758101700343
2.73305689659033626200
4.80154141916947333126
5.05278141225206772747
2.32641354879135794634
2.30341051486703081777
2.21119876989835538394
3.13253890638248897072
.72979449162075757613
.72594765651526143624
1.19239255281136337697
.42261093218230879078
.88600225733346752009
3.02524379182901555458
2.42546902680698027502
2.08187415565879005413
.96509066931558301124
2.08925824157761790077
1.30919822792425135485
1.51281195130128450476
.61326992425847853573
.60448325038829653249
.44429719783046122650
2.40312296813958315594
2.34478143970818738652
2.81092511461974027452
2.92542304633022264703
6.48489013014098797846
6.33702611640507601277
3.23290890685153700944
3.49383743182192150489
3.70289076263397216625
3.25219925588823662408
4.20904977399887729101
2.23852630093997332064
6.11706629030616276841
3.17734165616478833209
2.30308488771039440382
1.32687603038113549306
1.56086514471942770716
1.76708800007243555499
1.83005464399290547523
1.50362894358947480324
1.46908134560343526267
3.13130963017073736332
3.05787507920124166736
3.15981012087751880471
2.63825700036975169588
4.31329340527629768614
6.54751097746311533436
5.53223282228794127239
1.86276675941997633661
1.55727325797369293937
1.71889499388415230790
.88532479915565451193
2.15506380415986755999
1.35561794027668429938
1.58839541676498172902
1.01901913622855974313
2.56680735545151498617
3.10182204518570020430
3.32741641517859919329
3.52648550259319795775
2.30549343959162026499
4.46005605345941812637
3.31871963262942716451
3.39119447982565576716
1.05990565617888840474
1.40790624687867622231
2.85525830705384692345
3.26571584801862392529
3.43634980757198233175
1.82027470454324558248
2.73505027376097787150
2.11378806884701664975
4.69225958361214282895
2.95367567617028664185
1.75721370356596069882
1.78619707759250350868
1.00826583796139795623
1.33435377617781709487
2.92781488485867220819
4.40442958849383809740
3.13442179675933213415
2.73316666158505599462
3.07177473132389706491
2.97958050738690395265
4.59809743263450214592
4.56800831873147971831
2.30358416386291386572
5.74709491830437754429
5.52206483120218355880
1.51617940890911719306
3.95428881089887009279
4.51443241172132291344
2.53379162521309159054
2.23215142855497149176
2.33368806827305006898
2.14058403245469436067
6.40551325031804145435
1.92893753138871762686
5.67216008236721048204
5.90072876855054235088
5.34850446386651153554
4.94632186579078171496
3.56068813574005663717
6.02537135785007030632
2.93196180056971410740
6.07807535326767728285
5.44901826020063911475
1.55051604312886746731
5.61614636561405867354
6.00030832541128672957
3.28423507075848637403
7.39455204863688818703
3.62814001934875716284
6.06394261186564990400
5.55980215475335057358
2.83346078144730988616
3.56512271878542772835
4.60161928020995670028
2.65218777615763850349
2.46888638863759788034
3.90779989252264553567
4.45035953603750985749
2.38438671360163387402
3.22739833302305589450
4.53520672075705938266
5.43538407106618363574
