1.57127336895907454312
2.86886737232657724685
1.80740144959552358991
1.14297856497836388777
1.25175876270150391945
.15132745950421555927
1.27349911660746745882
1.10440028975005253753
1.16468879963705326258
2.76470613266582095886
1.71154900601764833019
2.49427344130510277940
3.83212734652699139655
1.99584568541758758889
2.22645458071796290573
1.72214981926660492275
.43703546766824314575
.53814496188294841268
.37549966711037175032
1.09863551735778140188
1.00463923873199378435
3.18822834815826828975
2.61009578368304330702
3.25597911541213666919
6.09066498832434552414
4.71398981755370362615
7.50017333133041665973
3.67164813128927157003
4.29085073149835870633
7.38537744465372602394
2.42950612265126839708
4.08064945811325479503
9.36389342100816523384
6.61949393836114937188
8.57691669540983707926
4.88401474199249320816
9.68545817191938524970
5.36187467216457792506
1.96165746245362622941
1.47261671863387453530
1.74725498997713553532
.56762663785273502613
.78625695545413141992
1.76309387157916240089
3.00173283288170068281
2.59632432488701226203
1.59263931886664156913
.55072679252057457895
1.74066079406643728772
.62928530890209092819
.80603970125546545562
1.17392504019634916381
1.72754160586655625704
.54083269131959839396
.28635642126552706308
1.38419651783986221672
2.03995097980319125118
1.35177660876344505564
2.91535589594135144589
4.57638503624858908134
3.46174811330922804909
3.74125647343242160677
7.45848510087671891971
5.93792893187515338757
5.70160503718032015701
4.83749935400512482590
14.10972359757624734740
2.42505670036805531183
4.21417844899809623617
3.75117314982926374645
1.11776562838548582737
1.66589315383670389823
1.72988438920061938340
2.12106105522684094186
3.52379057266461282528
2.45589087705459747285
1.91010470917172496247
.68066144300966541526
.67416615162732695593
1.36293800299206566661
1.85655595121719937891
1.58451885441606531866
1.09813478225580306039
1.12618826134887412082
1.15472940553187611287
.54313902456001078619
.79874902190863432693
2.40617954442306736188
2.18103186588366929343
1.57260929667861241472
1.61031052905953515037
1.82882475923747270334
1.42846070999520319323
1.52318744742726920884
3.40595067492176110638
4.11810636093824074994
3.83872374624692158245
3.19208395879557027668
2.76249886877804892975
2.97361732574990220445
2.70911424639124438679
2.25532702728451334452
3.02443383131454869658
2.61268061576611388154
2.17499425286597021849
3.18166623013791313050
3.33698966135647474528
1.37116738584317268613
.78319856996805095034
.86544786093675221469
1.17902502093891120271
1.05042848400069578463
1.04814121186031035672
1.19201510057549187072
1.17192149907747660536
1.90824526725471010664
1.97770068513918455384
3.39287488717164458899
3.86954777719567638884
3.04286049630935266115
3.12595585381495750898
.49899899799498595786
1.54058430473635554301
2.13623500579875340643
1.48060798322851143540
4.64220852612202245091
6.18603265429467321689
5.61074861315315035029
4.69554043747894902526
2.74672532299827898171
3.33115595552054572370
2.71803237655477533128
3.01756524370227991927
1.54628587266391333347
1.84385465804656089221
2.56721639134686112263
1.13159179919262405372
.59110066824526598567
1.92020832203175288707
2.54511296409412837676
2.44180261282520541085
2.03386331890813154514
1.71493440107777883481
1.32280006047777303539
1.78028087671580632523
3.71475436603821760687
2.50375717672461200675
1.82742988921599944372
2.48274042138923576997
1.97311935776830287525
1.74908547532703501093
1.77426040929735001512
1.83578321160206713553
1.72612282297639526923
1.09585582993384672689
.61717096496837891993
.44988887516807970076
.87664131775772467294
.97437159236094316667
.97989795387070790637
2.25878285808972793346
3.02193646524873186321
2.23716338250025896493
.35128336140500591605
1.90593808923584923459
2.65890955092496517964
1.85423838812597125024
1.70751281107931954514
1.88708770331428952375
2.24102655048975267601
3.52261266675744524723
3.52400340521969416555
7.11467497500764261019
4.10535016776888351219
3.82891629576829480212
5.30090558301126506680
5.74447560705065575962
1.86796680912697161338
4.54207001267043438778
11.39944735502559352031
.95215544949341123854
1.01926444066297142651
3.13258679049759130532
6.32788274227644012844
8.07545664343509431487
2.13562637181694307714
3.78062164200545199174
2.89691214916849005920
3.29493550771483234504
6.07390319316994053785
5.58338606940268818806
4.93259566557000493822
10.98876244169469704165
4.06853782088848229008
.77839578621675490156
1.41622738287324468749
4.19276758239709728845
4.16563320516821307902
6.05281752574782316970
2.76072454257935701063
