2.05012194759238651491
1.81353246455639718167
1.01336074524327218977
.75953933407032976385
1.07456968131433896323
1.34710801348666915277
.92249661245990491712
1.62496153800636155241
3.85840640679542724605
2.58213090295592876241
1.82496575310332878586
3.11367949538805294166
3.10040319958549907312
2.65727303828567831273
1.73568430309201102713
2.39893726470702021982
1.41035456534872818484
1.68113057196637763125
3.57745719750774935808
3.93286155362733306577
2.87438689114739736700
2.72503210990256039588
2.69180237016018692709
3.78615900352851002659
6.78463705735244175264
4.26648567324443268193
5.84893152635590357874
4.43632730983636959149
4.94152810373471416524
1.31620667070183168860
5.41137690426383070654
5.12302644927780945767
5.83809900566956812207
3.79025065134220377987
8.97611274438996783259
6.79962498965935620663
4.35653532064185151603
.86614086614129921216
3.41596252906849082140
3.82028794726261439173
3.62630666105336436148
3.89037273278538183823
3.53714574197897590672
4.47974329621687139815
3.43030610878970974671
.86544786093675221469
2.30967530185521964852
1.98861761030118608371
2.13770905410441670795
2.15691909908554521102
1.37451809737085673629
3.55187274546822693457
2.28267387070514302148
.45497252664309303325
.85199765257892582998
1.31381124976154774894
1.80510387512741216207
.65283994975797858260
.80131142510262512792
2.67777893038241676280
2.77205699797100131705
5.13907579239691696532
11.36256133096759130536
3.87971648448697859229
7.10001408449307232780
2.44991836598691589954
5.02037847178875548966
5.24415865511332523033
4.60800390624834431682
7.25975894916628757345
7.03067564320812626691
3.73294789677005805379
1.72000000000000000000
1.92338243727034171959
5.42576261920847399691
2.34113220472488481805
2.48376729988942402132
1.69369418727230684205
2.24066954279295723192
2.23553125677097165475
1.17311551008415194339
1.59489811586822059296
1.18713941893949423348
3.54612464529942883957
3.55344902876064904446
3.30631214497361092701
3.05897041502529082567
4.31533312734949814789
4.05144418695358556706
3.28196587428937170537
1.40982268388616871481
2.12063669684366256370
2.40162445024196070704
2.02121250738263540956
3.51227846276459122098
4.68685395548015769405
2.62307071959564216397
.81804645344870238609
1.14043851215223348401
2.48547782126495749585
.94899947312946386061
3.09381641342856670804
3.18154050736431768600
1.63905460555772820780
3.33540102536411654200
2.01943061282134672902
3.41306314034768480724
2.64571351434731118735
2.26669362729064026457
2.86684495569606972772
1.52121661836833744208
1.01183002525127707340
.75139869576676801681
1.16666190475218654925
1.14808536267997076141
1.20045824583781338612
2.23342785869613438024
2.24724275502225170707
3.52696753600029610479
2.99309204669686027349
2.64196896272458128966
3.33271660961444485072
1.40356688476181996305
1.94056692747248477887
1.54958058841739496023
2.21882851973738610497
4.00731830530094027867
2.28635080422930723975
2.28879881160402562806
3.06003267956405981909
1.35266403811145951526
2.27631280802968729418
2.77234557730453221360
2.24263238182275429303
1.11722871427474508855
3.31221979946983590879
4.23529219771198313008
1.70874222748780923313
1.96484096048509737901
1.48529458357593157958
2.46040647048409462599
2.45920718931935460459
1.35369863706808835657
2.09406303630048348169
2.38824203128577401728
2.23843695466278433222
2.13602434443055915279
2.73032965042684909857
2.52121002695134464674
3.20515210247501358732
2.98605090378580117064
2.19863594075963381173
1.21028922163258150697
1.71029237266614739469
2.36436037862251447431
1.39319776054944906016
1.48744747806435168932
1.38960426021223754738
2.01851430512642144118
2.21858062733811862697
.91181138400438936393
.91591484320323142146
2.74708936876833331754
2.23781143084040930546
2.55458411488054156811
3.10104820988000765392
3.40847473219327239888
3.14542524946945766708
2.74739876974566617061
4.97479647824913536934
5.46679979512694428431
5.12016601293356502823
5.98047656963891131002
4.32187459327546893132
7.18011838342516466896
8.20880624695211088035
5.53885367201553718749
3.43058304082556788937
2.10810341302318468591
5.86693275911698173265
3.73353719681483821694
1.40256907138293905842
3.69732335615915530650
7.84505576780688028781
5.33807081256890034523
5.66741563677837201910
6.15168269662862244086
6.52590223647274691534
3.41296059162715794754
5.96669087518366414658
3.79665642374971823048
1.43303872941382850819
2.68443662618434708317
3.92563370680454597097
2.82299486361558936507
3.53193997683992359207
2.75715433010196221043
3.41476207077447783930
4.52885195165397297843
7.33328030283855984558
