3.90724967208393274951
3.62659620029580905642
2.26777423920459948415
4.05137013860743165743
3.57252011890765983968
1.53381876373970598260
3.67074924232097336000
3.07188866985768219588
2.63609559765953859839
1.55396267651446506677
1.59580700587508388090
3.90395952847874692206
3.27137585734198386988
2.75050904379534807593
4.58615307202016535570
3.69005420014394910513
2.82720710242458184158
3.01340339151597823378
3.42474816592402893135
3.29262812962533016138
2.58189852627867619688
3.82461762794661605110
3.50528172904832287176
4.65777844041555931112
2.12569988474384596039
2.83114817697696635413
4.29783666511420603567
4.38949883244089723268
.85912746434973198335
4.27834079988960206255
6.83501280174368071387
3.47620482710671121350
4.54624020482860100272
7.00589751566492728123
2.24664193853849349884
4.52801280916916134997
5.97655419117069497353
6.31992088558076809094
2.59588135322090558754
2.30737946597433340338
2.24957773815442972790
1.77022597427560078155
3.31874976459509522930
.39924929555354258633
3.24755292489591307045
2.42095022666720680352
2.19223630113179176868
1.12489999555516044992
1.18397635111517324596
1.81063524764100403282
1.39097088395120621949
2.74096698265411435072
2.48664432519007430324
2.35008510484195018651
2.36875494722438521812
2.51175237633011905149
2.29673681557117031379
2.82186108800557367195
3.42131553645670045204
6.62076279593220285610
3.65904359088546525066
5.36915263333051465971
2.35180781527743035944
4.19574784752372839729
7.97238358334569850117
5.15668498165245692371
8.42466023053749034693
6.25411864294242502500
1.22596900450215298255
1.57546818438202680196
1.06873757302716741343
1.39631658301403840342
2.13293225396401186307
2.58571073401492457044
4.84712285794366883406
3.02836589599077343723
3.60163851600906778174
2.02160827065977349300
2.13621160000595446630
2.31495140337761734190
1.24535135604374719771
2.93131369866822680872
.18055470085267788452
.30675723300355934720
3.30318028572465296493
3.19909362163722867186
5.46548259534325111366
3.78609297297359035681
3.34438335123233143988
4.00889012071919975689
1.82411622436729617505
.76302031427741162073
.59489494870943390789
2.46675900728060583684
2.93385412043612011626
3.06625178352985226600
2.35805004187782240542
1.90942399691634754525
1.30253598798651240951
1.86010752377382743599
5.17680403337812276511
4.21341903921269145821
1.51105923113556339505
.61522353661088097223
3.34374042054702565692
3.86961238368909502847
1.85983870268364939196
2.04335508416917102401
.70469851709791471647
1.83964670521271556457
3.80837235574464278249
1.64082296424690497442
2.82393342697734289204
2.25951322191307391340
.83270643086264201133
1.93385625112105992850
3.63352445980483252340
1.46836643927869721657
2.27870577302116825966
1.80158263757175457521
2.24575154458368346014
4.49915547630885945581
2.12143819141637968202
1.45420081144249125329
3.56680529325613735553
4.78273980057456188602
4.25109397684878286201
3.11212146292525028753
2.99125391767399111249
2.38201595292726786557
4.99849977493247467686
4.26008215883215097413
4.45656818639634414378
2.74606991899332381146
2.05253501797167884518
2.75934774901606049817
2.30208601055651263431
2.12577044856682491233
1.95310009984127541644
1.26700434095546807641
2.68173451333274226479
2.67553732921071389039
2.19364992649237448923
4.72133455709294127967
4.38205431276245137322
1.02044108110169692442
1.38582105626953150289
2.06237726907566550593
3.00123307991898556575
5.44125904547835325718
4.02741852804001486482
3.07683278713679856678
2.99314216167558603317
2.62933451656498055412
2.09465987692512981881
2.27077079424586575776
1.97484176581314990174
3.64945201365903700246
1.63566500237670916549
1.60931662515491338597
3.79603740761336544550
2.71737005209080789265
3.37557402525851890108
.49203658400570175489
3.63759535957478371093
3.67975542665541835871
1.84762009081953858255
2.73824761480768937416
4.18456688320308724397
4.25212887857364925377
2.48672475356642557389
1.25574678976296809802
3.18066030880381817613
2.74300929637505968114
10.87700786062049327229
6.28922888755052386827
9.64269671824225735873
3.25173799682569751774
3.10601030262296457824
6.01928567190493127869
3.62340999612243714966
5.64852193055847132912
2.12840315729891737068
4.08121305496294814545
2.27160736043885894079
4.13386018147687235007
7.24097369143128429858
2.74029195524856438607
6.49576015567077414856
6.24149020667340308853
3.63512035564161204018
3.50559552715369603576
3.53771112444190389127
2.74094874085598324601
1.73083794735382434068
1.25702028623248558931
3.72157224839180033350
2.82418129729661654382
3.42197311503173560511
2.23201702502467485099
