2.12240429701788909660
3.18084894328542423476
.83204567182336811912
1.23838604643301759062
1.65617028110034627562
1.18008474271977603600
.65192024052026487145
.61326992425847853573
1.06329676008158700680
1.24072559415851497135
1.29572373598695798530
1.32370691620161900550
2.66975654320763862417
2.64975470562842854252
2.70186972298813844937
2.77261609315101538094
3.50135687983958584649
3.23768435768528862934
3.31603679111073796300
3.08786333894490868220
3.95856034436763386318
2.82221544181162753413
4.51524085736298235849
4.91709263691462294581
6.21206889852326090570
7.59599894681403967873
3.26929656042396985849
7.25133091232223382939
6.69313827737033982159
6.33072665655373245795
3.70411932853141220180
6.84348595381038244737
9.37632124023062682523
5.09480127188490051707
3.84959738154524414155
2.93380299270417951491
5.90356671851856011528
1.32109802815688132416
1.33674978960162922480
1.57946193369767541226
1.78185296812054613475
1.20224789457083267540
3.54651942050230425634
2.21296181620921783133
2.32389758810494917213
2.55984374523133735745
1.15364639296449932600
1.55116085561749526763
1.44031246609893646369
2.09305996091846351099
3.54646302673522877374
3.15802153254217061869
2.67919764108585315094
1.55193427695891812852
1.60178025958618930658
1.99243569532369099242
1.82085144918524311781
1.05721331811512855156
1.20104121494643138661
1.31198323160016035320
4.91656384073267170262
5.17641768021090044649
2.85975523428142360310
7.53939652757433895668
2.44108582397260256589
6.79933084942922894388
4.02324495898522191884
6.79939703209041911879
3.75335849606722219374
2.29647556050570675347
1.24903963107661239653
1.68133875230424639136
1.41753306839734782957
1.61338154197945378626
1.44093719502273935853
.92027169901067804161
1.02844542879046333967
1.22319254412377775905
.79429213769242359283
.89291656945092020170
1.27616613338546169084
1.67403703662732623545
2.65640734828075643162
2.12774528550764271221
3.93757539610354635809
3.43943309282212960450
2.61070871603861620845
1.26071408336704163273
.99719606898543277400
1.67684227045956829910
1.36000000000000000000
1.80377382174151756925
2.20295256417381806501
2.07000000000000000000
3.23341924284494849358
2.92767826101161600984
1.03937481208657351222
.95472509132210409294
1.26083305794224795936
2.21794950348289038769
1.75667299176596894589
.96353515763567236841
2.04765719787272986793
2.48122953392063266404
2.02832443164302490240
3.46070802004445327346
2.67473363159773350915
1.55286831379869426454
1.08802573498975657271
1.02127371453494288002
.33346664001066133631
.90382520433986570697
1.03295692068933833151
1.90234066349852281130
2.04066165740428415587
.83528438271046346673
.89314052645706319443
2.17297031733063486869
2.26252071813718426334
2.32948492160820822085
2.20787227891470207661
2.61445979123795285037
3.15832233947075136094
1.61978393620877719828
2.41969006279729966576
3.16262549158132221616
3.81300406503848353817
1.48862352527427162113
1.28393925089935621922
3.16494865677154390074
1.80687575665843721010
1.46492320617839896379
2.27525822710302489304
1.90036838534006348060
1.52410629550566452609
1.38859641364940878922
.28513154858766505847
.87120606058498009050
1.92171798139060977044
2.04418687991093417055
1.61749806800502856118
1.54483008774428005053
1.04847508315648588902
.98127468121826112873
2.73395318174982652719
1.24346290656376235950
1.56352166598355777309
1.76113599702010520230
2.97518066678311150926
2.15638586528478246747
1.85272771879734125167
1.44447222195513334142
1.05171288857748624625
.92466210044534646753
.87743945660085288872
1.02961157724648764751
1.61743624294746159246
1.12236357745607550519
1.33914151604675448505
2.76611641114397063619
2.62009541810980616813
2.36856496638787596503
3.51629065920324624122
2.39626793159696564011
2.63288814802300327419
2.30323685277914915530
2.22409532169824052260
2.36814273218486558350
2.32682186683897226950
3.47828980966221387111
5.48384901323878536997
10.25787989791262861225
11.76551741318672308563
11.13515603842173376483
6.17863253479279183455
6.99599885648932907256
4.74185617664644063379
2.62430943297470163248
2.03752300600508557791
2.72781964213178874162
7.72922376438928050782
4.24524439814717852246
1.18093183545876177721
11.24009786434264103378
8.12635834799327564086
6.27376282624710001078
11.74506279250988083026
5.12808931279477619825
.87527138648535746589
.88820042783146642661
4.07260358984274333706
1.80969610708538575891
4.53114775746719608119
1.04866581902911282025
2.04660694809726471816
2.34345898193247666666
2.82802050911940877317
1.84057056371115530236
1.13793672934834122964
5.88422467280099698267
