5.24535985419494360166
3.95137950594472765329
1.88053183966664068817
2.06203782700512067982
2.33559414282533257084
2.14196171767844627835
1.67720004769854451611
1.05366028680974780297
2.39710241750326554544
1.35698194534783696951
2.06412208941234869000
4.67616295695520003763
4.94398624593556085269
2.70323879818265408085
1.97549993672487876392
2.53948813740092119375
3.44991304238237286037
3.44476414286958113651
2.69618248640554743886
2.46724542759734383097
1.13287245530995235686
3.14836465486449012129
4.12715398307356591412
5.67808066163206244390
5.86150151411735114293
3.18893399116381836719
4.00127479686162020041
3.52699588885498986202
1.84577896834913578446
6.41021840501554205819
5.76896871199697182063
9.33152720619727926001
6.27307739470827826642
2.33075095194660383946
9.73323173462956238886
13.86074673313093907496
2.13253370430574906775
2.83700546351253965998
2.93954078046214558720
2.97968119100013785350
2.61598929661418913076
1.98597583066864134483
3.16982649367437775537
1.24080618953968794263
1.72803356448883827807
1.11651242715878447135
.90443352436760104873
2.71540052294316243103
2.23015694514982510008
5.36340376999531893344
1.06555150039779869853
1.12618826134887412082
2.05866461571573139039
1.24470880128646957358
.46882832678924169289
1.39645980966155986253
3.20482448817404039755
3.33701962835102305006
4.99261454550619198910
6.14120509346496259808
5.04952473011074577903
9.08374372161610468670
2.92619206478317140555
5.00641588364370704124
6.88626168541393727363
3.18191766078256651044
4.64298395431214041579
3.72920903141671585220
4.84358338423114173602
4.71781729192642643609
3.40888544835405110155
2.42557209746484344736
2.39077393326930850574
2.71449811199050201144
2.48907613382957814258
1.90023682734547590390
.78147296818252133320
.68366658540548842593
1.02342562016005833427
2.31097382070849084726
3.17015772478279067722
1.72487680719522691366
1.40146352075250249804
1.09772492000500744758
2.09699785407615522433
1.59640220495963986249
2.20945694685368332026
2.62430943297470163248
2.91604183783429280207
3.66950950400731350933
2.41219816764709445378
3.08225566752662489122
3.05655034311558493590
.96363893653172815327
.73252986287249750593
1.12871608476179695133
1.97600607286516202143
2.15726678924976731770
.71784399419372451834
.94456339120251743959
1.37648102057383995010
2.21941433716194597353
2.75321630098327000298
2.17451143938126938518
2.64690385167274257000
2.50273850012341481141
2.73768150083241056333
2.12332286758278944505
1.36557680120892504857
.94026591983332034408
1.10408333018844189050
1.04465305245330135875
1.39028774000204720211
1.66784291826298797880
1.88451585294472914391
1.79315364651220002475
1.13035392687423349349
.51633322573702343526
1.74602405481711505542
1.13776095907708135773
2.17029951849969316625
2.50930269198436879212
2.21327811176092373156
2.47655001968464186317
2.78073731229686634706
2.23575490606640512410
3.20363855639177872596
2.67746148431681459360
1.78510503892628122288
1.57607106438764365762
1.93101009836820894860
1.42474559132499160718
2.65729185450149603998
4.44334333582270007324
3.07572755620519809394
4.02795233338231052110
2.76032606769562642552
1.04235310715707083750
2.20739665669765840569
3.04213740649563690939
2.70408949556038178105
2.71436917164928028144
2.33231644508201330823
3.03777879378996258079
3.19679527026677140008
2.71503222816967681018
1.41456707158055959039
.42848570571257099987
.57801384066473702390
1.43989582956545853036
2.13398687905994398595
1.81923060660269235697
.92422940875087933981
.83162491545167163780
.79586431004286151492
.91575105787544684659
.78230428862431784574
1.28580713950421040582
1.63245214324953489584
1.20867696263310983981
1.52213665615147709049
1.52039468559976228298
2.76293322394878012730
2.66379428635170700187
1.93377868433799838489
2.71794039669746989100
2.41358654288591856160
2.30193396951346108762
3.07733651068582358247
2.99924990622655517321
8.69534933168300030202
3.01710125783010471370
4.25766367859181662723
4.73364552961034461951
3.12477199168195310422
3.20733534261698304255
8.69237021761038431668
2.67368659345107238019
3.75989361551626883261
4.48557688597576042039
2.91144294122347518830
7.55871682231845486669
9.78059814121815353506
7.66900906245389698326
3.72201558298726094949
4.28079431881514251291
3.04455251227499769659
6.21831970873161200796
6.04538667084248631686
1.89211521847904389186
2.71118055466617715264
1.51433153569487550311
6.85216754027512085613
3.40079402493006035921
4.36152496267074000567
2.28144690930996682704
4.13793426724011651499
2.07222103068181411602
2.22092323145128093821
4.56238972469472405986
