6.50831007251498428482
8.71906531687886829538
6.61858746259351021654
4.18224819923447393669
2.42183814488086713676
1.29081369685946546358
1.39781973086660927988
1.78980445859317268603
.98838251704489390973
.91569645625611110584
1.13039815994188525572
1.58760826402485068445
3.23151667178122415454
2.92379889869327367184
1.68908259123110969324
2.39050203932144764024
2.22180107120327043918
3.21505831984429172034
1.40762210837994442179
2.53047426384857745701
2.86499563699493266785
4.71667255594449761672
4.20906165314788421905
4.18126775033601501600
7.03667535132892144144
6.31311333654006246528
4.01742454814026345517
2.98807630424659671206
2.21643858475708728580
6.60614108235662796308
2.44192546978813421769
2.39292707786927765376
2.16575621896833070135
5.75223434849450479166
5.39014842096207959326
7.07057281979331572742
5.77263371434564519434
4.10561810206453566586
2.00007499859380273190
2.22499438201537938175
1.38296782319763318490
1.96796849568279420665
3.63320794890686101504
1.59204271299484926853
3.75171960572748559982
3.70424081290620197172
1.39731886124821202171
1.76937842193240279155
3.57562581934967015082
3.53588744164742891211
3.33709454466007001082
5.45891930696910008831
1.87515332706421636767
3.32977476715768269394
1.89055547392823149605
1.08816359064250996469
1.32003787824440856080
.95110462095397265502
1.50774666307042444072
4.63753167105088350791
5.00085992605271838561
1.90793081635577132370
2.72994505439212091113
3.90524006944515512201
5.60204426972868539112
3.90934777168775303113
2.45770217886545399058
2.68637301951906894891
3.11236244675969575611
5.24633205201500756094
3.10526971453366671963
3.43013119282630354613
4.68953089338368683701
3.17696395950599351460
4.37399131229132644238
1.89282857121293475048
2.59079138488609306244
1.84483061553086764681
1.35981616404571393813
1.65039389237842249111
2.91290233272590174566
2.48316330514124664567
1.81383571472170543982
3.69121931074272529467
3.40267541796157806844
2.48028224200392161740
5.25780372398970404928
5.89296190383070438528
6.50518254932173290813
4.31023201231673838534
3.29542106566065393293
2.46083319223388239797
1.29761319352108931922
2.65000000000000000000
3.16471167723064465580
2.21743094593721226888
1.63942062936880234927
3.02400396825136458020
2.72682966097994467300
.99824846606443628434
1.88178107121949762692
1.13973681172453142801
1.74264167286335718455
1.19866592510173575885
.94630861773525025845
3.51567916624938914518
4.03421615682650301885
3.27398839338199242798
2.16192044256952249209
1.26154666976691750133
2.15684955432686588669
1.27204559666703771818
1.41964784365701059589
.68512772531842557159
2.31708869057703529243
2.16393160705231162349
3.53530762452152104086
4.47577926175990050913
2.84698085697814273167
3.57945526581908828860
2.32538168909966262338
3.56283594907203101775
2.76855558008142578087
2.25463966078839303292
1.58234003930887118280
1.61189329671662820027
5.62093408607501819013
2.91454970793088378920
3.19576281973490642211
4.58220470952575404469
2.46515719579908331654
3.28178305193990542675
3.25774461859735100998
2.29479846609675072791
2.09590076100945199308
.48538644398046387962
1.31244047484066872631
1.35107364714141323525
1.68392398878334172866
.49879855653359703763
2.20522107735256330693
2.08830074462468168703
2.00012499609399412155
1.48983220531709543253
4.96762518714928813820
5.79200310773397289274
5.16101734157133015925
2.56316210958261475311
1.54651220493082433351
1.94054116163507338265
3.22933429672432643304
1.15086923670762874380
1.24185345351212837862
1.60162417564171401964
1.09128364782030890651
1.27632284317095884217
1.48448644318498240706
.95822753039139926393
1.12538882169675028276
2.36243518429606868230
1.20987602670686883893
1.20058319161980607831
2.96974746401103944102
3.69502368057364417210
6.05767282048147595397
4.74848396859460819639
2.42406683076189135004
1.36198384718762358749
2.60476486462789957527
3.57823979073510387903
2.31838305721897476085
3.76206060557243016884
5.06325981952338685236
7.22746843645823194957
6.61062024321470155950
7.08235130447508936615
11.48679241563979861581
4.19308955306227629822
2.34906364324170663794
1.74476359430153172828
1.76527618235787682651
5.96668249532351101119
3.36881284728018098313
3.07320679421349711423
2.53118549300520446863
2.86421018781792618635
5.42524653817685966366
6.55550913354561653149
8.60347023008739189302
3.39047194355004212000
3.56742203839130869940
2.08014422576897297215
2.85889838924016325382
1.94206076115038172098
2.26814902508631473740
.81024687595818596898
3.79417975325365943579
2.33523018137399037856
4.56493154384597535335
2.54141692762128268625
