2.62263226549205712314
2.01367822652975020938
1.98886902535083993901
1.89126941496974460008
1.18465184759067505537
1.18325821357808457006
1.33689939786058696541
1.05261578935526138154
1.28202964084298768602
.64451532177288074149
1.78207743939482046291
1.80704178147601224743
2.35679867617070762814
1.93313217344288178912
.94138196286098449975
1.50359569033700013461
1.39531358482600605690
.66535704700559082603
.85381496824546241963
1.14463968129713203648
1.02073502928037107704
1.14764977236088885132
1.23818415431631170588
3.96490857397746310253
4.68982942120499730228
14.03883542178623874760
8.42041566669959589353
4.11170281027216265417
10.60477251052562654640
7.04237175957077687700
4.43025958607393569059
6.11771199060563817908
5.68079219827657487603
2.36767818759222428243
6.07885680041897351487
1.06925207505059348376
11.59279086329085814238
5.41793318526539232551
3.64076914950673575386
1.65789022555777196427
1.07172757732550672664
.95608577021102034598
1.57810012356630908414
.85609578903297965001
1.38228072402099277773
1.20357799913424805008
1.38119513465693905187
.82915619758884996227
1.23991935221610280341
1.29383151917086948048
1.69817549152023743367
2.04198432902899624578
1.68151717208002368946
1.05546198415670092764
.77103826104804941774
1.37258879494187916090
2.37402611611582739976
3.10098371488790634055
3.67103527632192605711
3.19469873384017229149
4.24081360118550836549
6.78066368433061278016
4.55295508433808294690
5.79590372590849717954
9.67639395642818999006
7.26245137677354780374
6.59624135398334253522
9.36602904116787372242
4.05821389283512260759
2.99564684166875718855
4.09195552272993309474
2.83374310762284872292
2.73864930211956857628
3.38208515563993450433
1.45365057699572354966
1.89214164374657744595
1.78734439882189464957
.86406018308911793068
.69260378283691174191
.65810333535091584430
.51400389103585587545
.75531450403126775915
1.99441720810867453766
1.79125654220717362883
2.23725277963845650017
2.72303139901103600917
3.16368456076139171084
3.36382223073693357741
3.81017059985507735532
3.15559820002483839672
2.79631900898305950059
3.73649568446157849968
2.70924343682881328485
2.18936063726376518592
1.52633548081671743597
.73443856107914159547
.81178814970409613635
1.22069652248214420806
2.95125397077242405190
3.63964283962039330208
2.47182119094403752140
3.29622511367169824249
3.73612098305180690250
4.76734727075760655667
4.27747589122370156696
3.35322233083343282210
2.67059918370391179148
1.44979308868541651632
1.18697093477473154174
.95713112999212391096
.42379240200834181543
1.51568466377409783435
.49699094559156709047
.52668776329054769487
.49939963956735090939
1.09274882749879901209
.99503768772845986107
1.89076704011890370163
2.22443251190050717618
2.94151321601654545413
3.06133957606796701471
2.62528093734746796146
2.85870600097316757985
2.57668391542307726650
1.62373027316731395602
1.59326708369940286041
1.85121581669993301729
2.22229610988274917602
2.17347647790354519861
1.66427161244792011263
1.91013088556779270774
2.07154531690716339009
1.43530484566868232948
3.53045322869458221066
2.13609456719500131778
1.90352304950583669048
.93626919205963409719
.62040309476984397131
1.42586815659793735362
.92870878105033549854
.27676705006196095235
.63253458403473876773
.61286213784178248907
1.07582526462246646757
1.23693168768529816494
1.22217020091311341054
.66610809933523552675
1.27459797583394898470
1.20287156421623002801
.86133617130595415393
.25238858928247925051
.37175260590882211057
.91618775368370865383
.95404402414144390467
1.17004273426230035283
1.18730787919561958914
1.55910230581575370845
1.63370744014955137866
1.59226254116587192921
1.37047437042799162300
1.76598414488918897541
2.24664193853849349884
2.61927470876958608486
2.36892380628841669800
2.34542107093800962978
1.41223227551277838652
1.21757956618859204637
.55659680200302983774
1.57496031696039884698
.99548982917958534007
1.78577714175089608240
1.74653943556966385493
6.61329721092285402512
1.33289159349138367952
.94878870145043358858
2.41948341593820394592
3.69048777263927538947
3.43546212320846291120
8.15730960550106863479
1.55878157546206582047
7.44143803306860844009
3.38388829602869722151
4.51648093099040992729
2.60051917893331446201
7.84673817582822117193
4.61563646748744717472
2.37997899150391661603
2.20113607030551384765
2.27741081054780276987
1.44211650014830632614
2.63912864407932945310
4.90268293896311430644
6.76427379694228521549
1.42105594541523944886
5.78986182909402424368
6.09561317670339051838
6.94052591667230935065
9.81073391750076972802
6.65072176534246544479
5.69081716452039952550
