5.72987783464883306930
2.83783368082063611270
2.06555077400677807690
.41255302689472537670
.64660652641308841029
1.09183332061262904104
1.85585559783082261230
6.41319733050527613343
5.07643575749757715773
2.95164360992312213804
3.28161545583878550820
8.26165237709745325738
6.05247056994084028235
3.01597413782015047304
3.90037177715150636125
4.58162634879798987738
2.91425805309001419597
2.24401426020424388924
2.59270129401749633947
2.17644205068731384314
4.80326971968054277825
3.45732555597531196683
7.05884551467164494425
3.42014619570567480149
1.30142229887150773377
5.23943699265484058173
4.47045858945142226445
4.65122564492414192743
3.71156301307144723518
1.93062166153806530836
7.08966853950168815647
3.17007886337232941716
5.23500716331888126672
4.95021211666732519624
8.38258313409416775346
2.46712383150907121223
2.92660212533237937577
.88345911054219142055
1.62077142126827989056
2.73790065561188687918
2.93647748160955594956
2.06579282601135973641
4.26375421430457222362
3.33193637394233565217
2.11312564699783055754
2.42876511832659520349
1.24454811076149241808
4.02617684658783958885
1.85981181843755364388
2.42647893046694308196
1.10909873320638140561
2.43985655316045168516
2.24628582330922437756
1.45244621242922451981
2.08473019837100263557
2.12852061300801125222
3.62581025427420843130
4.24858800073624460637
6.57876128157877453774
7.03785478679405547167
2.67830170070513153904
5.80684079340909776246
3.98623882877080008004
2.19640615551860079920
5.01993027840028869857
1.62818917819766877358
1.16773284615959998267
1.58398232313368951939
5.08039368553264777399
1.21227059685533905965
1.01955872807798570677
1.68549695935649791963
.84029756634182869683
3.65986338542847798467
2.57755698288127085200
2.37371017607457713826
2.08504196600452145431
2.51463715076350528334
3.68734321700597868280
4.41743138033857861532
4.64366234775957843866
2.74747156491200105013
2.59555389079094252583
2.92006849234739697740
2.53712435643190339855
2.48131013781026574840
3.02562390260256900952
.92276757637012799410
3.44578002780212306459
2.94798236086988824438
2.22281353244036194391
1.74416168975241512727
1.91034028382380085326
2.03366663934874046013
3.03065999412669187000
4.48375958320693193698
1.75482192828788186419
.66068146636635721507
.88436417837902050565
2.85075428614954466755
3.71861533369613265246
2.54874478910698314741
1.24779806058512528848
1.46017122283655487743
3.05119648662618907388
5.80384355405967158466
4.88005122923929969680
6.27356358061349371066
3.30735543901770557793
3.37840198910668414850
3.50781983573843199168
2.51159311991413131438
2.32770273016122056530
1.15147731197796511339
.58634460857076190907
2.08571330724047498464
2.19929534169469835668
2.53625708476092777971
3.26154871188519887174
3.84971427511185562271
4.93031439159816663308
3.48282930962744713146
3.61935077051119763389
2.87389978948466468619
3.75494340836183575098
2.65205580635099004320
4.29292441116775313761
2.69536639438871093156
3.67615288039004166766
2.21153792642133994219
2.17864636873449473546
1.76320730488504952768
1.84634774622767094816
2.42350985143448509151
2.10831686423080152717
6.31957277036984518336
3.17427156998263146401
3.00966775574979372173
1.43237564905299894587
1.34944433008553561449
2.85448769484123017475
2.76812210713328179221
1.63428883616085440112
4.77745748280400712139
5.77197539842296971653
2.12033016296990879740
2.12842664895927292089
5.38695646910201048080
4.63523462189348080900
1.21498971189059868516
.88028404506727258983
2.72679298810892500065
3.54166627450978221045
4.81859938156306993066
5.34731708429563769028
2.59090717703278594318
1.07191417566892919601
1.38195513675372255189
2.21770151282809021760
3.42398890185117276469
4.18703952692113953967
2.46385876218585224325
3.03250721351161834297
3.72498322143872213173
3.82468299339958369836
1.73853386507137099253
1.37804208934270218827
5.81125631855969677809
3.99533477946466959143
4.21523427581433485382
3.03117139073329207218
3.73448791670290452956
1.56249799999871999836
2.17193462148380516117
4.70558179187228664624
5.49831792460203232289
1.54851541806983633274
3.22987615861661172762
6.72602408559469849301
5.26663080156564610505
2.30343222170742414922
3.76245930210547260877
3.53075062840750621029
3.54108740360923596336
4.11113123118199670052
6.17951454403984714822
1.17055542371986812301
4.11418278641092950650
2.76019926816887624505
1.24438739948618894716
5.20605416798557715506
4.38293280806356875183
1.92023436069663121732
2.09959519908005124015
3.32003012034529590350
2.75239895364026034211
4.01068572690506379945
3.00792287135159102303
2.51914668092193472417
5.82383035467208642832
