2.50211910188144321276
2.92991467452552276539
.08544003745317531167
2.00803386425627792498
1.47922276888912171719
.77833154889160184934
.07681145747868608175
.76896033707857780510
1.32230858728210640022
1.21004132160848126963
2.83622989195163797110
1.81179469035539454524
2.12579396932063950194
1.79027930781763771130
2.03098498271159060778
1.44779142144163846402
1.57889201657364776226
.33749074061372409747
1.13564959384486199005
.66850579653433073279
.29137604568666930826
1.00144895027155527994
2.23895064706661187270
5.43184130843308050337
6.11890513082201659329
7.53446083007934948014
5.15916659936466870439
2.21361694970019598465
9.76813185824188186157
4.84701970286897018303
11.15471649124261696490
2.56743062223694761321
6.63681399468148421604
10.45515184012169189118
10.30924342519857273740
6.90615667357756951140
7.43010767082146663557
.75551307070096411403
2.73179428215229998859
2.05594260620280934923
1.62880324164706892321
2.32692930704823948676
2.63366664557229034289
2.06676075054661322064
.25455844122715710878
.36110940170535576904
1.12289803633277407205
.47675989764240867829
1.00264649802410420626
.93236259041212072860
.64892218331630488343
1.01222527136996535273
1.18865470175320469305
.24020824298928627732
.42059481689626181126
.16763054614240210128
.62225396744416182147
1.01828286836222478009
.75953933407032976385
1.47929037041413880759
2.58178233009678800071
4.19559292591643118286
5.47749030122372740655
8.41159319035341841703
5.50384411116448682434
12.85222159784058500809
8.29617984375941551345
8.61351264003252043756
3.16317878091011479268
2.08568933448872006260
1.61486841569212691069
1.75182761709022043833
1.43586211037132670763
1.14070153852793588664
1.69829326089459590718
1.20847010720166347025
1.14008771592364769238
1.05441927144755847353
.52848841046895247880
.76243032468547576783
.27331300737432896645
1.46495733726276138269
1.16576155366352685357
1.64456681226394690978
1.96596032513374999695
1.70724924952392349850
1.29556937290135104520
1.16348614087147595898
1.60573970493352377588
1.81648011274552631695
.90609050320594355073
1.07633637864749326700
1.82611609707597725890
.95042095936484902416
1.48462116379903462563
1.55595629758679276345
1.39405882228835666875
1.25880896088326285793
1.92675893666021437763
2.11463944917331001729
1.04661358676447536360
1.65027270473700800405
1.55080624192708226279
2.18858401712157260284
1.91426225998424782192
2.54356049662672658830
2.17046078057171998281
1.91282513576123836965
1.07503488315496069766
.97775252492642533702
1.09786155775671460569
1.17664778077383887955
1.10733915310531669107
.68278840060446252428
1.48674140320366406348
1.32638606747809289554
.77162166895441706484
.31780497164141406804
.63229739838148946791
1.03460137251020501437
1.06221466756960195912
1.25495019821505267572
1.26352681016272860089
1.15537872578648426488
1.54262762843143711147
1.01769347054994904295
1.26079340099795890389
2.68104457255003502114
2.15234755557739791347
1.73326281907851470533
.37854986461495399668
1.07508139226758082700
1.99807407270100975103
1.75456547327251370371
1.63758969220009442510
1.70276246141380507002
1.55929471236197039827
.56231663678038194782
1.36304805491222502239
1.66664333316999771329
.87281154896117180101
.80224684480526316370
.52430906915673316436
1.44713510081125459514
1.13516518621740686291
1.63465592709903327839
1.31152582894886214284
1.66195667813574490898
.95942691227628173094
1.57594416144735280401
.55479726026720788052
1.10149897866498269395
1.76130633337872262361
2.09642552932366285854
1.82422586320882974153
1.43027969292722603487
1.68863850483162914284
1.44118007202431161010
1.53642442052969204945
1.79938878511565698821
2.26700242611250859684
2.97634003433747468718
2.34714720458687890963
1.25195846576473933758
.93187982057773951992
.38948684188300893100
1.95348406699414879051
1.51013244452266503842
1.49576067604413240236
1.37804208934270218827
4.63789823088001791915
10.80558189085622542532
4.10907532177252744990
13.92690202449920303165
2.44609893503921872747
3.86079007458318044200
6.75392478489359548182
5.05033662244409209242
2.04061265310200406980
5.57236933449318307117
4.17142661448094996928
3.34799940262838159306
1.89728753751243514565
7.50361912679474956838
5.79004317773192430620
4.05732670609602253163
3.06297241254308394072
2.93630720463646310210
7.36872444864102650073
6.83534198120328139006
2.94976270232030698513
4.91343057343848097645
8.34209805744334319138
5.40014814611599336260
2.30508134346708033912
1.30996183150502518754
4.83940078935398777950
3.84298061405466889456
3.91472859851101299816
1.36062485645382798144
