.72394751190953063458
.46054315758677817967
.65992423807585670462
.68614867193633771544
.46486557196677837006
.24535688292770594292
.17916472867168917184
.38223029707232784976
.40890096600521745404
.54598534778874789873
.83438600180012607879
.88328930707894341632
1.09749715261589631151
.76563698970203888654
.78434686204510310388
.58906705900092563230
.52782572881586589062
.50626080235388558077
.48466483264210536281
.43139309220245982051
.40914545090957567678
.25416530054277668844
.58728187440104091807
1.91306037541944817732
2.56314260235360295491
3.42633915425779180118
2.93531940340399753233
3.72597638210442767159
6.57870807985884109938
7.28671393702264120931
10.11405952128026582932
8.74998285712606410704
8.90694111353611678294
7.51958110535420716263
6.86697895729992753558
3.39058991917335824547
2.33452350598575040349
1.12044633963434411319
.78536615664287444516
.40062451248020258901
.41809089920733744667
.77801028270839711312
.63450768316861223016
.28948229652260257001
.40422765862815473601
.95927055620403569228
.99025249305417050285
1.36139634199596702163
1.37189649755366020469
1.32834483474736333240
1.10390216957844593231
.28337254630609507934
.40865633483405099418
.58352377843580633299
.61806148561449774258
.26438608132804570920
.33823069050575525796
.65222695436481310757
1.35074053763111737002
2.97080797090623142820
1.89926301496132967792
1.90727554380587599459
1.82247085024699366246
3.41880095940082478502
4.09042785048214730150
3.75944144787493664723
3.61101093878154847109
3.04817978472399163701
.93941471140279679995
.57645468165329354015
.80925892024740759109
.70781353476745554529
.62825154197980286373
.74384138094085623410
.93728330829050828669
.60149812967290264052
.45265881191025100820
.39051248379533271970
.27202941017470886690
.39115214431215892287
.42201895692018385917
.63332456134276049407
.53169540152233778746
.44721359549995793928
.42813549257215291050
.41737273509418412895
.36193922141707715178
.32341923257592458767
.31654383582688827965
.40074929819027755846
.32388269481403294017
.23537204591879639775
.37282703764614497175
.32124756808418021081
.39458839313897716319
.66947740813264191880
.47675989764240867829
.44124822945820417195
.78593892892514237642
.68658575575087486663
.58974570791146924632
.73817342135842306415
.93016127633867880771
.91940197954975058885
.92455394650609760944
.64784257346982067569
.58608873048370414814
.52469038489379620039
.50921508225896058979
.37682887362833543888
.50309044912421066553
.46227697325304880472
.64015623093116886414
.58966091951222271925
.54378304497290093423
.47138094997570701573
.38327535793473600251
.28354893757515650405
.34583232931581165290
.69188149274279623557
.74545288248151539359
.44821869662029940805
.50039984012787214318
.43382023926967722790
.39319206502674999939
.43289721643826724887
.39255572852781043067
.70370448343036723898
.82036577207974736419
.76896033707857780510
.76118328935940258199
.64078077374403174269
.89977775033615940152
.76772390870676940251
.68095521144932872890
.76980517015670919693
.75795778246548798134
.65833122362531157709
.70356236397351443318
.67245817713817712189
.58446556784809830232
.51254268114957997125
.43497126341863090944
.34263683398023628130
.14247806848775007168
.25079872407968904976
.32078029864690880046
.18384776310850235634
.35171010790137948493
.31543620591175008615
.31080540535840106267
.45934736311423406275
.70901339902712699016
.69231495722683906202
.62609903369994111499
.60835844697020522261
.50179677161177511904
.35057096285916208208
.48466483264210536281
.50685303589896746321
.45891175622335063470
.33421549934136806875
.55668662638867120534
.46593991028886975996
.50219518117958877921
.83024092888751274811
.90779953734290920269
.84504437753291986505
.88056799851005260115
1.55128978595232167537
1.91311264697089909755
1.76207264322445004015
2.26037607490435095518
3.03085796433947065951
3.85644914396650639923
5.52660836318261292445
4.46369801845958212890
8.28779222712538806560
10.23305428501188006865
11.46139171305125580123
14.37386865113216484341
14.16493205066653328914
14.25031578597470940971
13.98229237285503195681
12.89798821522178318353
10.83884680212798284017
10.67562644531926285590
9.28304368189657933379
6.77513837497065442777
4.71721316033100204442
5.20989443271166484007
5.03432219866786039223
2.18048159817963150816
2.13992990539409958496
3.07691403844826318215
2.00678847913774908635
1.28708974046101385276
1.68816468390971856629
1.81146349673406336625
1.58117045254456990817
