1.84393600756642311412
1.35066650213885144683
1.34799851631965826878
1.42175947332873432132
2.11305466091154395390
.88277970071813499986
1.32996240548370388889
1.47962833171036570280
1.85442713526307093886
2.77596829953081416667
1.74754112970195926087
.86614086614129921216
3.39957350266176771776
1.36707717412002750474
1.22445906424020562272
1.67612648687382778916
1.34588261003699724599
1.51743204131190006976
2.02309169342370638877
1.61148999376353559783
1.54893511807305860438
1.32253544375944798343
3.19788992931276482357
5.14514334105474655239
4.76422081772035415381
2.28473193175917248569
3.33947600680106698681
5.20134597964796031506
4.06354525014795424020
4.92760590956703841803
2.82603963171077981257
10.09944552933476640571
6.39400500468994002804
7.39517410207494709257
11.12473370467805849492
10.62937909757667830259
12.11308796302577834128
3.54330354330531495885
1.24430703606465233231
1.03903801662884308537
.86400231481171391593
.95000000000000000000
1.28195163715328980424
.86625631310830860807
1.23628475684204729257
1.27141653284830302304
.90476516290140172483
1.33003759345365873759
.98858484714262133990
.45486261662176635726
1.05342299196476625981
.68308125431752260903
.78974679486529098543
.68512772531842557159
.87235313950257552792
.80212218520621906558
1.52256362757028975337
2.13386972423341720741
4.43492953720800393958
9.17031079080747404523
9.57249183859667753960
6.62714116342786227811
4.66734399846422290682
13.32447747568361496384
5.21813184961821370035
5.47607523688270740325
5.90148286450109079701
5.32714745431361229558
2.07258292958327725391
1.10792599030801691902
.65429351211822359013
1.26877894055662824908
1.43516549568333755980
3.25814364324226810170
2.71337428306527590263
2.23414413142930418234
2.48151163607991167525
.97575611707024414636
1.18156675647210047934
1.66282891483158904082
1.26657017176309659057
1.53248164752469384996
.74686009399351362050
1.31988635874457010011
2.56556036763900763216
3.06806127709340251371
2.05477492684722041310
2.28039470267758690915
2.38903746308005810643
1.20718681238655022013
1.40534693225551960145
1.32578278763906118227
.76334788923530796647
1.85844020619443121216
2.61979006792529084128
4.50395381859094998425
3.89899987176198814503
2.33696384225344830216
4.74187726538762283051
4.45585008724485702933
2.20392831099380362762
3.02201919252674502269
3.64238932570366508315
2.07586126704074326008
3.57393340732588356939
5.66917101523670742758
3.88502252245723795623
2.86667054263303860391
1.09274882749879901209
.33734255586866000977
1.33255393887076856293
1.08756608994580186846
1.32022725316515110939
1.29406336784563993004
1.03397292034172732487
1.02654761214470710004
1.37796952070791464222
2.35433642455788378349
3.76603239497484938987
4.96025200972692515474
5.22297807768709670658
3.98180863427663986977
4.03811837369832436169
2.93272910443498002940
2.60032690252591126016
1.62015431363805589813
2.49196709448579998700
2.88126708237886200996
2.75515879760132882254
1.70888852766937375797
1.04192130221048844817
1.22934942144208942560
.66962676171132826073
1.52151240547029388984
1.14795470293910116460
1.22445906424020562272
1.05000000000000000000
1.04350371345769536748
1.31445806323366589176
.88056799851005260115
.88617154095581291128
1.01419919148064794737
.52440442408507577349
.82103593100424052026
1.48468851952185580305
1.92924855837706925575
2.12322867350645959573
1.45137865493467968391
1.51026487743044597362
.43428101501216928052
.67483331275211955114
.62561969278468209036
.62008063991709981462
.55290143787116343508
.81104870383966461277
1.06047159320747484131
1.22069652248214420806
1.08926580778063533228
1.21803119828680907232
1.14078920050989262509
1.02532921542302694692
1.55161206491829007046
1.48973151943563307289
.66249528300207541930
.99302567942626740512
.69613217135828451812
.29883105594967869737
.64784257346982067569
.64233947411006899755
.85656289903310661660
4.68611779621468755924
4.09197996085024834765
6.60168160395516196845
1.40406552553646868607
1.02776456447962828175
2.87577815556068232681
1.52427031723379039235
4.18976132971795900602
3.80758453615937462353
4.17010791227277474635
3.81164006695280712728
6.02724646915986006619
9.91591145583702759194
4.87788888762341531054
4.22718582510870936517
2.39253004160867330163
4.67493315460232008652
4.29200419384697246593
1.98005050440639013514
4.22049760099446093737
3.76698818686759356288
5.91118431450077523295
3.21082543904211647193
5.26807365172507815043
4.21755853545626560281
3.62483103054473423271
3.86856562565506958726
4.97032192116365838921
2.99943327980470337382
6.88928153002909295390
