1.31920430563275527841
.71707740167990233493
.06782329983125268139
.18411952639521968963
.79429213769242359283
.69921384425653358197
.59715994507334465056
1.25558751188437677930
2.34326695022142110184
2.18084845874260598519
1.87323250025190412827
3.27873451197256896779
3.62312020225661295958
3.34911928721567037587
3.42493795564240842205
3.84627092129506654699
3.01046508034888190762
3.57180626574286640718
3.44907233905002346211
1.78174072187846680533
1.97355010070684549622
2.38792797211306187253
3.07276748225439277216
3.55332238897626625133
4.12511818012526763536
9.11530580946135893271
10.08625302081997147833
3.63122568838677390187
8.06467606293024022538
2.37212984467545536591
3.12609980646811723000
4.83149045326594844964
4.83911148869293979609
2.70408949556038178105
3.22790954024427394578
5.13913416832057421232
13.94113696941537118043
5.30080182613913609416
2.36503699759644352164
2.70342375516677000290
2.38631515102259701509
2.00004999937501562451
2.32682186683897226950
1.95297209401465846956
2.10168979633056219489
2.11919796149392329486
2.01019899512461203498
1.62778991273444129301
2.13459598050778686459
2.56994163357847487127
1.87813737516721603630
.98939375377045917552
.83318665375772792679
.82758685344802330299
.71909665553387188591
1.58192920195563745715
2.58244070599888120645
2.18414743092127368415
2.74140474939400365809
6.98640823313381824026
6.27911617984569544944
3.27850575720098438871
4.35017241037639794371
7.91626806014045989746
4.10896580662336492994
5.89274978257180032454
5.28447726837763963902
5.70475240479374354415
4.75699484969239797473
4.90154057414605107336
3.34599760908462096886
1.75894854956021951290
1.23101584067793376222
1.52413910126339846487
2.16400092421422038541
1.28510699943623371426
.96876209669866832584
.75086616650372521628
.38535697735995387060
1.00309520983802928336
1.61978393620877719828
2.18277346511267632277
1.54437689700409595320
.76223356000638019664
1.52325309781401724874
1.43798470089218960368
1.45447585060735882951
1.11305884839931082594
1.49499163877260530985
1.89023808024280370014
2.28986899188578035122
2.28729097405642730350
1.70061753489725019946
1.89340962287614879439
2.34243463089154315038
2.18220072403983955785
1.13934191531778554153
.88005681634767195296
1.76005681726471546314
2.68011193796080092009
1.54275727189989287698
1.92338243727034171959
2.63539370872740758313
1.54576841732518264050
2.35805004187782240542
3.43034983638695369725
.57148928248918194388
.93220169491371340243
1.25159897730862659889
1.24137021069461788498
1.13573764576155526852
1.05910339438602499457
1.29348366823860594115
1.05569882068703666805
1.45168867185770930365
.70349129347846231891
1.01990195607224913293
2.50746884327602363929
2.42061975535192226522
1.91460178627306205696
1.34796142378036916876
.56008927859761786373
2.48889533729323379115
2.05946595019194235766
1.19390116843899604251
1.63676510226727402571
1.09073369802165734683
.62369864518050702592
1.13890298094262620996
.89112288714856830345
1.24571264744322155412
1.64626850786862833677
1.74610996217305856135
3.04973769363858569862
2.46860284371544869206
2.62638534872550642623
2.12311092503429975638
2.46160516736539208947
1.74556581084758875383
.74148499647666506239
.49568134925574918185
.52440442408507577349
1.21737422348265613340
3.52462763990751227269
1.49006711258251720398
1.55090296279296597389
.82613558209291530309
.92444577991356529313
.71028163428319051532
1.93920086633644014572
1.75045708316428026615
.77291655435758393387
.75451971478550512424
.66790717917986178807
.80305666051655408706
1.07186752912848330205
.73184697854127948841
.15842979517754859484
.74531872376856332402
1.25275695966935262522
1.25003999936002047918
1.98224620065217933059
2.67226495692324641163
3.17800251730548508072
3.68319155081567811743
2.58437613361522900440
1.71656634011039608291
1.79602338514842283776
2.10059515376000046602
2.12567636294897911724
5.48148702452172187936
3.83377098950889344850
3.90279387106211388239
7.37352697153811189610
4.83545240903061727155
5.76327164030986830250
6.23125990470627055516
2.77382407517131482553
2.60205687870192414823
4.46067259502420778149
8.29704766769481685373
7.57187559327277906908
8.72831026029666294194
7.13883744036800434552
7.65433863896809833324
10.44718622405095256278
3.83105729531679022107
8.24233583397327968886
4.61811649918015818779
1.73349358233597161477
.68220231603242157272
4.72766327058093256498
5.99115180912652220869
3.85961137940078107030
2.98628531791588862574
6.14525019832390550975
2.84699841938839158183
6.64784927626973203475
3.93713093508458262958
6.86198222090381111474
